Distance in bp(Fragment Length Estimate: 75)(Peak Width Estimate: 75)	Same Strand (+ for Watson strand, - for Crick)	Opposite Strand
-2000	156666.0	14785.0
-1999	156367.0	14893.0
-1998	156994.0	15009.0
-1997	157036.0	15006.0
-1996	156502.0	14948.0
-1995	156661.0	15179.0
-1994	156581.0	15064.0
-1993	157125.0	15104.0
-1992	157425.0	14953.0
-1991	156305.0	15047.0
-1990	157282.0	14912.0
-1989	156493.0	15064.0
-1988	157130.0	15046.0
-1987	156588.0	15007.0
-1986	157533.0	14973.0
-1985	157007.0	14862.0
-1984	157255.0	14914.0
-1983	157342.0	14894.0
-1982	158027.0	14932.0
-1981	157699.0	14992.0
-1980	157644.0	14820.0
-1979	157627.0	14937.0
-1978	157283.0	14986.0
-1977	157737.0	14990.0
-1976	157912.0	15009.0
-1975	157836.0	14993.0
-1974	157543.0	15068.0
-1973	156998.0	14875.0
-1972	157750.0	14936.0
-1971	158067.0	14916.0
-1970	157623.0	14882.0
-1969	158240.0	14808.0
-1968	157868.0	15093.0
-1967	157664.0	14937.0
-1966	157571.0	15050.0
-1965	158206.0	15051.0
-1964	157756.0	14890.0
-1963	158143.0	15031.0
-1962	158241.0	14903.0
-1961	158037.0	14901.0
-1960	157455.0	14817.0
-1959	158004.0	14819.0
-1958	157777.0	14979.0
-1957	158127.0	14904.0
-1956	158268.0	15033.0
-1955	158154.0	15030.0
-1954	158020.0	14939.0
-1953	158334.0	14760.0
-1952	158451.0	14905.0
-1951	157657.0	14927.0
-1950	157749.0	14981.0
-1949	157983.0	14980.0
-1948	158520.0	14985.0
-1947	158130.0	14891.0
-1946	158386.0	14907.0
-1945	158416.0	14889.0
-1944	158467.0	14799.0
-1943	158052.0	14952.0
-1942	158253.0	14917.0
-1941	158397.0	14826.0
-1940	158879.0	14961.0
-1939	157990.0	14839.0
-1938	158899.0	14802.0
-1937	158892.0	14807.0
-1936	158778.0	14892.0
-1935	158137.0	14966.0
-1934	158544.0	15041.0
-1933	158829.0	15024.0
-1932	158744.0	15020.0
-1931	157922.0	14997.0
-1930	158367.0	14872.0
-1929	158116.0	14836.0
-1928	158661.0	14949.0
-1927	158472.0	15088.0
-1926	158461.0	14856.0
-1925	158041.0	15083.0
-1924	158637.0	14977.0
-1923	158599.0	15096.0
-1922	158956.0	15084.0
-1921	158452.0	15021.0
-1920	158757.0	15025.0
-1919	159236.0	15021.0
-1918	158801.0	14929.0
-1917	159058.0	15113.0
-1916	158832.0	14918.0
-1915	159340.0	14787.0
-1914	158284.0	14948.0
-1913	158483.0	14837.0
-1912	158867.0	15168.0
-1911	159384.0	14984.0
-1910	159185.0	15151.0
-1909	158924.0	15014.0
-1908	159174.0	15213.0
-1907	158769.0	15244.0
-1906	158889.0	15109.0
-1905	159576.0	15204.0
-1904	158818.0	15048.0
-1903	159189.0	15285.0
-1902	159191.0	15163.0
-1901	159215.0	15121.0
-1900	159331.0	15208.0
-1899	159713.0	15219.0
-1898	159174.0	15156.0
-1897	159475.0	15106.0
-1896	159104.0	15122.0
-1895	159300.0	15218.0
-1894	159150.0	15409.0
-1893	159216.0	15268.0
-1892	159007.0	15283.0
-1891	159474.0	15372.0
-1890	159436.0	15472.0
-1889	158819.0	15048.0
-1888	159605.0	15349.0
-1887	158858.0	15199.0
-1886	159041.0	15254.0
-1885	159208.0	15338.0
-1884	159755.0	15509.0
-1883	159436.0	15308.0
-1882	159574.0	15423.0
-1881	159185.0	15274.0
-1880	159289.0	15460.0
-1879	159453.0	15268.0
-1878	159408.0	15425.0
-1877	159662.0	15215.0
-1876	158958.0	15334.0
-1875	159553.0	15184.0
-1874	159562.0	15287.0
-1873	159318.0	15204.0
-1872	159696.0	15249.0
-1871	159799.0	15353.0
-1870	159641.0	15242.0
-1869	159678.0	15274.0
-1868	159777.0	15209.0
-1867	159532.0	15152.0
-1866	159832.0	15132.0
-1865	159618.0	15186.0
-1864	159380.0	15360.0
-1863	160041.0	15110.0
-1862	159674.0	15126.0
-1861	160686.0	15224.0
-1860	159735.0	15308.0
-1859	159976.0	15172.0
-1858	160582.0	15319.0
-1857	160142.0	15312.0
-1856	160136.0	15304.0
-1855	160327.0	15317.0
-1854	159700.0	15367.0
-1853	160316.0	15398.0
-1852	160240.0	15474.0
-1851	160272.0	15321.0
-1850	160066.0	15496.0
-1849	160251.0	15506.0
-1848	160293.0	15349.0
-1847	160454.0	15198.0
-1846	160082.0	15202.0
-1845	160916.0	15191.0
-1844	160352.0	15353.0
-1843	160178.0	15340.0
-1842	160562.0	15180.0
-1841	160965.0	15454.0
-1840	160793.0	15256.0
-1839	160806.0	15242.0
-1838	160516.0	15220.0
-1837	160937.0	15199.0
-1836	160626.0	15109.0
-1835	160729.0	15098.0
-1834	161006.0	15356.0
-1833	160783.0	15306.0
-1832	161207.0	15332.0
-1831	161077.0	15131.0
-1830	160776.0	15219.0
-1829	160581.0	15223.0
-1828	160910.0	15381.0
-1827	161066.0	15333.0
-1826	160606.0	15254.0
-1825	161316.0	15450.0
-1824	161635.0	15235.0
-1823	161194.0	15501.0
-1822	161205.0	15371.0
-1821	161160.0	15321.0
-1820	160995.0	15315.0
-1819	161337.0	15483.0
-1818	161161.0	15369.0
-1817	161078.0	15382.0
-1816	160535.0	15496.0
-1815	160988.0	15398.0
-1814	161551.0	15351.0
-1813	161471.0	15437.0
-1812	161114.0	15276.0
-1811	161652.0	15293.0
-1810	161179.0	15268.0
-1809	160789.0	15454.0
-1808	161000.0	15375.0
-1807	161266.0	15317.0
-1806	161115.0	15496.0
-1805	161025.0	15405.0
-1804	160948.0	15466.0
-1803	161594.0	15527.0
-1802	161611.0	15440.0
-1801	161308.0	15387.0
-1800	161318.0	15578.0
-1799	161522.0	15355.0
-1798	161874.0	15278.0
-1797	162059.0	15339.0
-1796	161945.0	15361.0
-1795	161818.0	15343.0
-1794	161970.0	15493.0
-1793	161816.0	15320.0
-1792	161595.0	15103.0
-1791	161986.0	15133.0
-1790	161836.0	15101.0
-1789	161878.0	15195.0
-1788	161680.0	15148.0
-1787	161551.0	15441.0
-1786	162549.0	15266.0
-1785	162589.0	15138.0
-1784	162788.0	15330.0
-1783	162512.0	15100.0
-1782	162156.0	15304.0
-1781	162655.0	15318.0
-1780	162710.0	15179.0
-1779	163240.0	15308.0
-1778	162931.0	15308.0
-1777	162554.0	15264.0
-1776	162476.0	15347.0
-1775	162559.0	15275.0
-1774	162254.0	15235.0
-1773	162650.0	15213.0
-1772	162319.0	15335.0
-1771	162362.0	15475.0
-1770	163500.0	15212.0
-1769	162078.0	15424.0
-1768	162328.0	15372.0
-1767	162789.0	15246.0
-1766	163135.0	14991.0
-1765	163113.0	15180.0
-1764	163165.0	15192.0
-1763	162620.0	15280.0
-1762	163293.0	15215.0
-1761	162757.0	15096.0
-1760	163369.0	15193.0
-1759	163409.0	15286.0
-1758	162590.0	15262.0
-1757	163504.0	15424.0
-1756	162676.0	15335.0
-1755	163142.0	15185.0
-1754	162764.0	15408.0
-1753	162902.0	15074.0
-1752	163393.0	15394.0
-1751	163197.0	15274.0
-1750	163868.0	15243.0
-1749	163354.0	15191.0
-1748	163415.0	15086.0
-1747	163254.0	15179.0
-1746	162980.0	14956.0
-1745	162909.0	15101.0
-1744	163747.0	15020.0
-1743	163201.0	15090.0
-1742	163769.0	15096.0
-1741	163469.0	15032.0
-1740	163869.0	15074.0
-1739	163394.0	15001.0
-1738	164095.0	14743.0
-1737	163482.0	15150.0
-1736	163684.0	15162.0
-1735	164157.0	15189.0
-1734	164261.0	15159.0
-1733	163662.0	15021.0
-1732	163769.0	14987.0
-1731	163625.0	14944.0
-1730	163538.0	15029.0
-1729	164138.0	14811.0
-1728	164371.0	14996.0
-1727	163928.0	14916.0
-1726	164016.0	14941.0
-1725	163936.0	14815.0
-1724	163915.0	15146.0
-1723	164168.0	15038.0
-1722	164597.0	15027.0
-1721	164017.0	15081.0
-1720	164308.0	15225.0
-1719	164387.0	15196.0
-1718	164651.0	15106.0
-1717	164086.0	15206.0
-1716	164382.0	15068.0
-1715	164542.0	14993.0
-1714	164245.0	15074.0
-1713	164381.0	15140.0
-1712	164227.0	15162.0
-1711	164264.0	15030.0
-1710	164333.0	14952.0
-1709	163884.0	15024.0
-1708	164910.0	14948.0
-1707	164687.0	14900.0
-1706	164877.0	15046.0
-1705	165004.0	15083.0
-1704	165109.0	15009.0
-1703	165754.0	14816.0
-1702	164964.0	14834.0
-1701	165853.0	14873.0
-1700	165734.0	14867.0
-1699	165356.0	14945.0
-1698	165046.0	14946.0
-1697	165507.0	14885.0
-1696	165353.0	15033.0
-1695	165576.0	14859.0
-1694	166538.0	14843.0
-1693	166042.0	14886.0
-1692	166217.0	14851.0
-1691	166348.0	14868.0
-1690	165786.0	14878.0
-1689	165843.0	14950.0
-1688	166153.0	15046.0
-1687	165725.0	14905.0
-1686	165924.0	14907.0
-1685	166485.0	14770.0
-1684	166215.0	14848.0
-1683	165708.0	15008.0
-1682	166520.0	15007.0
-1681	166315.0	14786.0
-1680	167260.0	14987.0
-1679	166911.0	14917.0
-1678	167358.0	14833.0
-1677	167309.0	14812.0
-1676	166824.0	14813.0
-1675	167112.0	14835.0
-1674	167004.0	14918.0
-1673	166887.0	14815.0
-1672	166596.0	14709.0
-1671	166429.0	14761.0
-1670	166876.0	14706.0
-1669	167599.0	14687.0
-1668	167227.0	14609.0
-1667	167602.0	14750.0
-1666	167807.0	14742.0
-1665	167623.0	14680.0
-1664	167952.0	14578.0
-1663	167857.0	14652.0
-1662	167422.0	14687.0
-1661	167813.0	14598.0
-1660	167710.0	14598.0
-1659	167611.0	14793.0
-1658	168052.0	14515.0
-1657	167612.0	14660.0
-1656	168280.0	14494.0
-1655	167807.0	14729.0
-1654	168109.0	14712.0
-1653	168181.0	14720.0
-1652	168101.0	14787.0
-1651	168117.0	14842.0
-1650	168706.0	14775.0
-1649	168603.0	14750.0
-1648	169084.0	14686.0
-1647	168569.0	14606.0
-1646	168649.0	14833.0
-1645	168969.0	14929.0
-1644	169040.0	14609.0
-1643	169137.0	14855.0
-1642	168645.0	14713.0
-1641	168845.0	14640.0
-1640	168640.0	14757.0
-1639	168820.0	14461.0
-1638	169216.0	14575.0
-1637	168991.0	14671.0
-1636	169000.0	14574.0
-1635	168681.0	14799.0
-1634	168982.0	14684.0
-1633	169355.0	14848.0
-1632	169298.0	14524.0
-1631	169524.0	14780.0
-1630	168953.0	14721.0
-1629	169646.0	14697.0
-1628	168739.0	14691.0
-1627	169659.0	14693.0
-1626	169572.0	14650.0
-1625	169407.0	14769.0
-1624	169454.0	14710.0
-1623	169335.0	14804.0
-1622	169015.0	14648.0
-1621	170195.0	14762.0
-1620	169625.0	14757.0
-1619	169953.0	14813.0
-1618	169552.0	14860.0
-1617	169460.0	14716.0
-1616	169127.0	14751.0
-1615	169824.0	14722.0
-1614	170283.0	14908.0
-1613	170484.0	14779.0
-1612	170126.0	15015.0
-1611	170033.0	14867.0
-1610	170449.0	14805.0
-1609	170121.0	14784.0
-1608	169694.0	14920.0
-1607	169932.0	14816.0
-1606	169833.0	14738.0
-1605	170350.0	14823.0
-1604	169995.0	14877.0
-1603	170175.0	14964.0
-1602	170961.0	14775.0
-1601	170467.0	14844.0
-1600	170799.0	14913.0
-1599	170577.0	15021.0
-1598	170816.0	15017.0
-1597	170511.0	14936.0
-1596	170357.0	14929.0
-1595	170637.0	15110.0
-1594	170523.0	15096.0
-1593	170730.0	14937.0
-1592	170978.0	15137.0
-1591	170906.0	15078.0
-1590	171767.0	14967.0
-1589	171709.0	14936.0
-1588	170964.0	15058.0
-1587	171451.0	14991.0
-1586	171095.0	14778.0
-1585	171412.0	14763.0
-1584	171596.0	15050.0
-1583	171203.0	14645.0
-1582	171486.0	14900.0
-1581	171649.0	14815.0
-1580	171739.0	14779.0
-1579	172024.0	14816.0
-1578	171389.0	15005.0
-1577	171966.0	14951.0
-1576	171047.0	14794.0
-1575	171559.0	15014.0
-1574	172200.0	14957.0
-1573	171704.0	14919.0
-1572	171941.0	14885.0
-1571	171811.0	14727.0
-1570	172116.0	14737.0
-1569	172266.0	14886.0
-1568	172759.0	14925.0
-1567	173071.0	14826.0
-1566	173033.0	14993.0
-1565	172374.0	14692.0
-1564	173023.0	14599.0
-1563	172466.0	14763.0
-1562	173312.0	14946.0
-1561	172524.0	14951.0
-1560	172485.0	14913.0
-1559	172748.0	14848.0
-1558	173185.0	14858.0
-1557	172871.0	14771.0
-1556	173860.0	14887.0
-1555	173259.0	14852.0
-1554	173395.0	15054.0
-1553	172965.0	14865.0
-1552	173087.0	14916.0
-1551	173185.0	15007.0
-1550	173577.0	14975.0
-1549	173665.0	15027.0
-1548	173123.0	15017.0
-1547	173493.0	15033.0
-1546	173736.0	14837.0
-1545	173741.0	14944.0
-1544	174215.0	14919.0
-1543	174462.0	14843.0
-1542	173805.0	14873.0
-1541	174030.0	14875.0
-1540	174321.0	14889.0
-1539	174615.0	14909.0
-1538	174006.0	14933.0
-1537	174922.0	15062.0
-1536	174427.0	14838.0
-1535	174521.0	14859.0
-1534	174779.0	14795.0
-1533	174737.0	14854.0
-1532	174844.0	14785.0
-1531	174255.0	14878.0
-1530	174618.0	14819.0
-1529	174415.0	14873.0
-1528	174125.0	14715.0
-1527	175244.0	14899.0
-1526	174931.0	14942.0
-1525	174925.0	14839.0
-1524	175240.0	14979.0
-1523	174767.0	14953.0
-1522	174766.0	14953.0
-1521	175110.0	14915.0
-1520	175149.0	14827.0
-1519	174949.0	14855.0
-1518	175031.0	14667.0
-1517	175114.0	14879.0
-1516	174712.0	14807.0
-1515	175428.0	14715.0
-1514	175549.0	14553.0
-1513	175614.0	14717.0
-1512	175693.0	14814.0
-1511	175589.0	14795.0
-1510	175083.0	14799.0
-1509	176014.0	14776.0
-1508	175783.0	14803.0
-1507	176096.0	14729.0
-1506	176036.0	14835.0
-1505	176112.0	14761.0
-1504	176477.0	14885.0
-1503	176412.0	14712.0
-1502	176681.0	14852.0
-1501	177086.0	14801.0
-1500	176334.0	14792.0
-1499	177091.0	14795.0
-1498	176636.0	14809.0
-1497	176093.0	14811.0
-1496	176096.0	14630.0
-1495	176622.0	14915.0
-1494	176611.0	14997.0
-1493	176786.0	14768.0
-1492	177205.0	14844.0
-1491	176680.0	14826.0
-1490	177118.0	15028.0
-1489	175934.0	14859.0
-1488	176734.0	14852.0
-1487	176666.0	14714.0
-1486	176945.0	14682.0
-1485	177103.0	14730.0
-1484	177589.0	14926.0
-1483	177793.0	14723.0
-1482	177279.0	14821.0
-1481	176959.0	14922.0
-1480	177086.0	14778.0
-1479	177430.0	14759.0
-1478	178149.0	14719.0
-1477	178208.0	14810.0
-1476	177532.0	14732.0
-1475	178055.0	14759.0
-1474	177599.0	14675.0
-1473	177839.0	15001.0
-1472	178162.0	14841.0
-1471	177746.0	14783.0
-1470	177466.0	14762.0
-1469	177904.0	14640.0
-1468	177818.0	14693.0
-1467	177921.0	14670.0
-1466	177994.0	14669.0
-1465	178204.0	14567.0
-1464	177955.0	14659.0
-1463	177929.0	14712.0
-1462	179056.0	14861.0
-1461	178121.0	14707.0
-1460	178291.0	14625.0
-1459	179069.0	14635.0
-1458	178926.0	14857.0
-1457	178544.0	14989.0
-1456	178626.0	14608.0
-1455	178978.0	14716.0
-1454	179263.0	14694.0
-1453	178925.0	14575.0
-1452	178508.0	14807.0
-1451	178822.0	14803.0
-1450	178900.0	14779.0
-1449	179229.0	14713.0
-1448	179189.0	14661.0
-1447	179215.0	14837.0
-1446	178708.0	14917.0
-1445	179614.0	14762.0
-1444	179577.0	14962.0
-1443	179498.0	14760.0
-1442	179615.0	14835.0
-1441	179370.0	14687.0
-1440	180099.0	14790.0
-1439	179986.0	14753.0
-1438	180244.0	14645.0
-1437	179525.0	14585.0
-1436	179565.0	14735.0
-1435	179432.0	14790.0
-1434	179705.0	14589.0
-1433	180057.0	14641.0
-1432	180561.0	14782.0
-1431	180913.0	14589.0
-1430	180716.0	14543.0
-1429	180389.0	14770.0
-1428	180701.0	14563.0
-1427	180348.0	14539.0
-1426	180538.0	14630.0
-1425	180715.0	14688.0
-1424	180681.0	14634.0
-1423	180856.0	14731.0
-1422	180803.0	14745.0
-1421	180822.0	14773.0
-1420	180681.0	14579.0
-1419	180472.0	14651.0
-1418	180636.0	14733.0
-1417	180919.0	14789.0
-1416	181293.0	14691.0
-1415	181566.0	14618.0
-1414	181481.0	14499.0
-1413	181830.0	14575.0
-1412	182055.0	14668.0
-1411	181792.0	14736.0
-1410	181322.0	14641.0
-1409	181659.0	14642.0
-1408	182246.0	14763.0
-1407	181642.0	14563.0
-1406	182286.0	14492.0
-1405	182321.0	14548.0
-1404	182496.0	14770.0
-1403	182454.0	14512.0
-1402	182264.0	14712.0
-1401	181912.0	14572.0
-1400	182504.0	14634.0
-1399	182399.0	14572.0
-1398	182705.0	14435.0
-1397	182750.0	14625.0
-1396	182864.0	14441.0
-1395	182782.0	14420.0
-1394	182875.0	14541.0
-1393	183102.0	14532.0
-1392	182552.0	14553.0
-1391	182946.0	14567.0
-1390	183241.0	14359.0
-1389	183208.0	14453.0
-1388	182992.0	14451.0
-1387	183332.0	14624.0
-1386	183279.0	14433.0
-1385	183482.0	14389.0
-1384	183397.0	14534.0
-1383	183776.0	14444.0
-1382	183874.0	14555.0
-1381	183238.0	14700.0
-1380	184189.0	14628.0
-1379	183603.0	14663.0
-1378	184137.0	14706.0
-1377	183987.0	14625.0
-1376	184460.0	14693.0
-1375	184004.0	14553.0
-1374	184566.0	14554.0
-1373	184757.0	14497.0
-1372	184602.0	14682.0
-1371	184325.0	14509.0
-1370	183946.0	14699.0
-1369	184917.0	14517.0
-1368	183907.0	14606.0
-1367	184533.0	14360.0
-1366	184686.0	14723.0
-1365	184664.0	14773.0
-1364	184720.0	14692.0
-1363	185216.0	14628.0
-1362	184644.0	14528.0
-1361	185097.0	14672.0
-1360	185502.0	14608.0
-1359	185530.0	14674.0
-1358	185541.0	14611.0
-1357	184939.0	14713.0
-1356	185358.0	14698.0
-1355	185463.0	14501.0
-1354	185917.0	14578.0
-1353	185988.0	14397.0
-1352	186103.0	14635.0
-1351	185986.0	14587.0
-1350	186062.0	14572.0
-1349	186024.0	14641.0
-1348	185421.0	14741.0
-1347	186184.0	14481.0
-1346	186243.0	14518.0
-1345	185379.0	14506.0
-1344	186791.0	14685.0
-1343	186262.0	14647.0
-1342	186702.0	14542.0
-1341	186354.0	14627.0
-1340	186592.0	14577.0
-1339	185947.0	14639.0
-1338	186384.0	14483.0
-1337	186449.0	14575.0
-1336	187104.0	14323.0
-1335	186318.0	14440.0
-1334	186676.0	14482.0
-1333	186877.0	14534.0
-1332	187359.0	14474.0
-1331	187289.0	14516.0
-1330	187316.0	14531.0
-1329	186767.0	14497.0
-1328	187040.0	14357.0
-1327	187570.0	14507.0
-1326	186952.0	14526.0
-1325	187319.0	14577.0
-1324	187411.0	14628.0
-1323	187249.0	14453.0
-1322	186913.0	14463.0
-1321	187659.0	14479.0
-1320	187535.0	14360.0
-1319	187364.0	14586.0
-1318	187016.0	14532.0
-1317	187133.0	14622.0
-1316	187819.0	14544.0
-1315	187728.0	14470.0
-1314	187760.0	14517.0
-1313	187674.0	14556.0
-1312	187651.0	14488.0
-1311	187800.0	14546.0
-1310	187956.0	14401.0
-1309	188131.0	14425.0
-1308	187273.0	14453.0
-1307	187862.0	14475.0
-1306	187945.0	14543.0
-1305	188156.0	14400.0
-1304	188988.0	14681.0
-1303	188788.0	14716.0
-1302	188589.0	14746.0
-1301	188693.0	14642.0
-1300	188519.0	14692.0
-1299	188693.0	14562.0
-1298	188998.0	14594.0
-1297	189130.0	14574.0
-1296	188895.0	14762.0
-1295	188544.0	14431.0
-1294	188768.0	14730.0
-1293	189037.0	14674.0
-1292	188161.0	14712.0
-1291	189705.0	14678.0
-1290	188986.0	14658.0
-1289	189029.0	14508.0
-1288	189017.0	14651.0
-1287	188777.0	14604.0
-1286	188963.0	14831.0
-1285	189011.0	14658.0
-1284	188972.0	14690.0
-1283	189609.0	14728.0
-1282	188892.0	14694.0
-1281	189249.0	14730.0
-1280	189953.0	14595.0
-1279	189581.0	14553.0
-1278	189854.0	14522.0
-1277	189222.0	14737.0
-1276	189852.0	14616.0
-1275	189462.0	14620.0
-1274	189534.0	14620.0
-1273	189860.0	14718.0
-1272	190373.0	14507.0
-1271	190464.0	14692.0
-1270	190338.0	14743.0
-1269	190880.0	14773.0
-1268	190464.0	14827.0
-1267	190461.0	14773.0
-1266	190601.0	14654.0
-1265	190572.0	14598.0
-1264	190569.0	14498.0
-1263	190263.0	14594.0
-1262	190666.0	14640.0
-1261	190513.0	14653.0
-1260	190736.0	14688.0
-1259	191207.0	14659.0
-1258	190493.0	14612.0
-1257	190647.0	14441.0
-1256	190747.0	14718.0
-1255	190515.0	14711.0
-1254	190920.0	14498.0
-1253	191099.0	14648.0
-1252	190917.0	14521.0
-1251	191396.0	14514.0
-1250	191259.0	14512.0
-1249	191294.0	14525.0
-1248	191705.0	14589.0
-1247	191775.0	14690.0
-1246	191862.0	14553.0
-1245	191684.0	14626.0
-1244	192836.0	14552.0
-1243	191996.0	14442.0
-1242	192328.0	14565.0
-1241	192336.0	14506.0
-1240	192044.0	14539.0
-1239	192829.0	14482.0
-1238	192014.0	14436.0
-1237	192160.0	14493.0
-1236	191951.0	14430.0
-1235	192414.0	14600.0
-1234	192456.0	14402.0
-1233	193082.0	14640.0
-1232	192726.0	14495.0
-1231	192711.0	14554.0
-1230	192656.0	14352.0
-1229	192741.0	14473.0
-1228	193538.0	14679.0
-1227	193409.0	14555.0
-1226	193294.0	14638.0
-1225	193883.0	14543.0
-1224	193232.0	14523.0
-1223	194017.0	14788.0
-1222	194049.0	14800.0
-1221	194220.0	14521.0
-1220	194228.0	14549.0
-1219	194663.0	14564.0
-1218	194733.0	14443.0
-1217	194521.0	14541.0
-1216	195236.0	14376.0
-1215	195003.0	14492.0
-1214	195211.0	14411.0
-1213	195229.0	14241.0
-1212	194589.0	14557.0
-1211	195155.0	14410.0
-1210	194862.0	14297.0
-1209	195422.0	14423.0
-1208	195132.0	14323.0
-1207	195189.0	14414.0
-1206	195538.0	14345.0
-1205	195748.0	14485.0
-1204	195735.0	14600.0
-1203	196040.0	14477.0
-1202	195900.0	14475.0
-1201	195620.0	14364.0
-1200	195573.0	14433.0
-1199	195607.0	14473.0
-1198	196293.0	14331.0
-1197	195992.0	14385.0
-1196	196333.0	14452.0
-1195	196841.0	14320.0
-1194	196734.0	14328.0
-1193	195956.0	14366.0
-1192	196343.0	14296.0
-1191	196933.0	14363.0
-1190	196507.0	14456.0
-1189	196988.0	14246.0
-1188	196540.0	14474.0
-1187	196700.0	14389.0
-1186	196649.0	14365.0
-1185	197356.0	14512.0
-1184	196935.0	14414.0
-1183	197479.0	14357.0
-1182	197596.0	14348.0
-1181	197769.0	14301.0
-1180	197324.0	14346.0
-1179	197937.0	14358.0
-1178	197517.0	14384.0
-1177	197766.0	14240.0
-1176	197946.0	14345.0
-1175	197652.0	14296.0
-1174	197656.0	14155.0
-1173	197314.0	14302.0
-1172	198004.0	14179.0
-1171	197940.0	14220.0
-1170	198589.0	14199.0
-1169	198357.0	14234.0
-1168	198302.0	14249.0
-1167	198354.0	14190.0
-1166	198425.0	14332.0
-1165	198107.0	14057.0
-1164	198388.0	14184.0
-1163	197677.0	14280.0
-1162	198556.0	14295.0
-1161	198645.0	14231.0
-1160	199114.0	14350.0
-1159	198885.0	14405.0
-1158	198644.0	13974.0
-1157	199420.0	14085.0
-1156	199711.0	14081.0
-1155	198916.0	14001.0
-1154	199388.0	14049.0
-1153	198496.0	14248.0
-1152	199271.0	14246.0
-1151	198536.0	14259.0
-1150	199180.0	14265.0
-1149	198745.0	14001.0
-1148	198575.0	14103.0
-1147	199414.0	14073.0
-1146	198783.0	14095.0
-1145	199709.0	14189.0
-1144	198776.0	14091.0
-1143	199343.0	14253.0
-1142	199357.0	14075.0
-1141	199309.0	14194.0
-1140	198680.0	14095.0
-1139	199646.0	13965.0
-1138	199198.0	14125.0
-1137	199697.0	14043.0
-1136	199989.0	13839.0
-1135	199106.0	14054.0
-1134	199556.0	13875.0
-1133	199161.0	13896.0
-1132	199097.0	14045.0
-1131	199611.0	14115.0
-1130	199298.0	14012.0
-1129	199518.0	14147.0
-1128	199048.0	13993.0
-1127	199386.0	13998.0
-1126	198801.0	14053.0
-1125	198621.0	13998.0
-1124	199155.0	14058.0
-1123	199472.0	13979.0
-1122	198900.0	13842.0
-1121	198769.0	14052.0
-1120	198907.0	14098.0
-1119	199693.0	14030.0
-1118	199330.0	14271.0
-1117	199086.0	13948.0
-1116	199855.0	14181.0
-1115	199340.0	14052.0
-1114	199957.0	13937.0
-1113	199784.0	13944.0
-1112	200147.0	14100.0
-1111	199273.0	14037.0
-1110	199389.0	13949.0
-1109	199138.0	13895.0
-1108	199529.0	14204.0
-1107	199161.0	14050.0
-1106	199059.0	14249.0
-1105	199210.0	14174.0
-1104	199284.0	14078.0
-1103	199714.0	14145.0
-1102	199641.0	14138.0
-1101	199573.0	14195.0
-1100	199242.0	14011.0
-1099	199054.0	14070.0
-1098	199587.0	14075.0
-1097	199806.0	14019.0
-1096	199155.0	13886.0
-1095	200111.0	13944.0
-1094	199454.0	13810.0
-1093	199135.0	13953.0
-1092	199780.0	13855.0
-1091	199857.0	14040.0
-1090	199353.0	14072.0
-1089	199703.0	13882.0
-1088	199595.0	13951.0
-1087	199857.0	13941.0
-1086	199920.0	14165.0
-1085	199777.0	13913.0
-1084	199425.0	13809.0
-1083	200167.0	13922.0
-1082	200068.0	13819.0
-1081	199538.0	13871.0
-1080	199623.0	13862.0
-1079	200300.0	13705.0
-1078	200227.0	13897.0
-1077	199965.0	13899.0
-1076	199849.0	14122.0
-1075	200282.0	14019.0
-1074	200466.0	14112.0
-1073	199692.0	14065.0
-1072	199834.0	14092.0
-1071	199897.0	13899.0
-1070	200261.0	13822.0
-1069	199635.0	13961.0
-1068	199776.0	13704.0
-1067	200160.0	13935.0
-1066	199921.0	13870.0
-1065	200661.0	13899.0
-1064	200294.0	13844.0
-1063	200126.0	13803.0
-1062	200588.0	13901.0
-1061	201215.0	13787.0
-1060	201123.0	14108.0
-1059	201184.0	14011.0
-1058	200564.0	13664.0
-1057	200966.0	13957.0
-1056	200548.0	13912.0
-1055	200499.0	13895.0
-1054	201242.0	13860.0
-1053	201159.0	14049.0
-1052	201062.0	13820.0
-1051	200908.0	13769.0
-1050	201222.0	13746.0
-1049	201266.0	13736.0
-1048	201725.0	13829.0
-1047	201819.0	13826.0
-1046	200866.0	13712.0
-1045	200930.0	13645.0
-1044	201636.0	13673.0
-1043	201166.0	13794.0
-1042	201548.0	13650.0
-1041	201653.0	13861.0
-1040	201395.0	13802.0
-1039	201639.0	13940.0
-1038	201911.0	13706.0
-1037	201330.0	13672.0
-1036	201715.0	13771.0
-1035	201907.0	13662.0
-1034	201535.0	13679.0
-1033	201731.0	13731.0
-1032	202543.0	13755.0
-1031	201764.0	13740.0
-1030	201762.0	13755.0
-1029	201642.0	13646.0
-1028	201635.0	13805.0
-1027	201839.0	13709.0
-1026	201618.0	13676.0
-1025	201690.0	13742.0
-1024	202023.0	13866.0
-1023	201908.0	13755.0
-1022	202251.0	13809.0
-1021	201799.0	13799.0
-1020	201846.0	13789.0
-1019	202401.0	13784.0
-1018	202206.0	13722.0
-1017	202343.0	13665.0
-1016	202173.0	13600.0
-1015	202013.0	13715.0
-1014	202162.0	13712.0
-1013	202391.0	13784.0
-1012	202755.0	13807.0
-1011	202654.0	13685.0
-1010	202676.0	13680.0
-1009	203082.0	13626.0
-1008	203458.0	13659.0
-1007	203395.0	13699.0
-1006	203370.0	13748.0
-1005	203295.0	13654.0
-1004	203393.0	13653.0
-1003	203510.0	13480.0
-1002	203451.0	13622.0
-1001	203372.0	13552.0
-1000	203523.0	13659.0
-999	203785.0	13719.0
-998	203565.0	13582.0
-997	203896.0	13638.0
-996	203760.0	13633.0
-995	204278.0	13739.0
-994	204104.0	13671.0
-993	203981.0	13645.0
-992	204339.0	13590.0
-991	203721.0	13558.0
-990	204009.0	13692.0
-989	203984.0	13474.0
-988	203821.0	13532.0
-987	204396.0	13555.0
-986	204852.0	13638.0
-985	205005.0	13394.0
-984	204936.0	13521.0
-983	205123.0	13440.0
-982	204989.0	13461.0
-981	205439.0	13560.0
-980	204907.0	13565.0
-979	205159.0	13536.0
-978	205132.0	13486.0
-977	205429.0	13648.0
-976	205523.0	13829.0
-975	205109.0	13500.0
-974	205774.0	13329.0
-973	205672.0	13400.0
-972	206027.0	13299.0
-971	206205.0	13377.0
-970	206099.0	13335.0
-969	206230.0	13305.0
-968	206137.0	13320.0
-967	206769.0	13278.0
-966	206345.0	13397.0
-965	206820.0	13318.0
-964	206002.0	13275.0
-963	206870.0	13328.0
-962	206276.0	13378.0
-961	206719.0	13578.0
-960	207170.0	13374.0
-959	206763.0	13342.0
-958	207111.0	13221.0
-957	206923.0	13196.0
-956	207044.0	13412.0
-955	207228.0	13414.0
-954	207440.0	13396.0
-953	207564.0	13391.0
-952	207542.0	13359.0
-951	207660.0	13404.0
-950	207476.0	13368.0
-949	206989.0	13364.0
-948	207692.0	13414.0
-947	207524.0	13254.0
-946	207803.0	13339.0
-945	208119.0	13258.0
-944	208592.0	13329.0
-943	208473.0	13329.0
-942	207680.0	13250.0
-941	208848.0	13192.0
-940	208566.0	13280.0
-939	208604.0	13215.0
-938	207713.0	13275.0
-937	208505.0	13249.0
-936	208769.0	13449.0
-935	209297.0	13140.0
-934	209547.0	13194.0
-933	209562.0	13181.0
-932	209772.0	13232.0
-931	209105.0	13367.0
-930	209563.0	13204.0
-929	209489.0	13169.0
-928	209825.0	13369.0
-927	209727.0	13324.0
-926	209883.0	13203.0
-925	209602.0	13389.0
-924	209920.0	13314.0
-923	209806.0	13276.0
-922	209291.0	13164.0
-921	209320.0	13093.0
-920	209601.0	13130.0
-919	210360.0	12927.0
-918	210321.0	13176.0
-917	210927.0	13117.0
-916	210124.0	13074.0
-915	211268.0	13106.0
-914	210603.0	13027.0
-913	210929.0	13059.0
-912	210764.0	13173.0
-911	210539.0	13109.0
-910	210230.0	13188.0
-909	211029.0	13078.0
-908	210301.0	13322.0
-907	211097.0	13281.0
-906	211188.0	13242.0
-905	211366.0	13238.0
-904	211286.0	12994.0
-903	211094.0	13281.0
-902	210765.0	13225.0
-901	211429.0	13220.0
-900	211483.0	13136.0
-899	211504.0	13118.0
-898	211634.0	12982.0
-897	211930.0	12958.0
-896	212216.0	13176.0
-895	211870.0	13113.0
-894	211963.0	13189.0
-893	212621.0	13015.0
-892	212275.0	13026.0
-891	212428.0	13143.0
-890	213239.0	13130.0
-889	212224.0	13036.0
-888	213293.0	13125.0
-887	212637.0	13232.0
-886	213447.0	13108.0
-885	213195.0	13060.0
-884	213180.0	13105.0
-883	213188.0	12980.0
-882	213369.0	13208.0
-881	213272.0	12975.0
-880	213961.0	12920.0
-879	214063.0	12744.0
-878	214039.0	13122.0
-877	213879.0	12971.0
-876	213641.0	12994.0
-875	213284.0	12780.0
-874	213518.0	12756.0
-873	213835.0	13064.0
-872	213295.0	12912.0
-871	213300.0	12916.0
-870	214085.0	12782.0
-869	213774.0	13020.0
-868	213839.0	13094.0
-867	214729.0	12896.0
-866	214224.0	12985.0
-865	214631.0	12918.0
-864	214407.0	12886.0
-863	214754.0	12951.0
-862	215145.0	12888.0
-861	215950.0	12921.0
-860	214508.0	12835.0
-859	214625.0	12988.0
-858	215224.0	13036.0
-857	215026.0	12867.0
-856	214096.0	12809.0
-855	215739.0	12739.0
-854	215597.0	12792.0
-853	215090.0	12798.0
-852	215414.0	12847.0
-851	214963.0	12971.0
-850	215164.0	12748.0
-849	216083.0	12772.0
-848	215843.0	12715.0
-847	216027.0	12808.0
-846	216034.0	12673.0
-845	215639.0	12640.0
-844	215982.0	12619.0
-843	216216.0	12573.0
-842	216537.0	12564.0
-841	216356.0	12729.0
-840	215786.0	12798.0
-839	217182.0	12666.0
-838	216594.0	12704.0
-837	216966.0	12784.0
-836	216911.0	12620.0
-835	217050.0	12909.0
-834	216579.0	12638.0
-833	217022.0	12561.0
-832	217511.0	12533.0
-831	217179.0	12634.0
-830	217727.0	12691.0
-829	217917.0	12620.0
-828	217808.0	12573.0
-827	218303.0	12530.0
-826	218385.0	12614.0
-825	217818.0	12701.0
-824	218104.0	12742.0
-823	218591.0	12712.0
-822	218007.0	12787.0
-821	218348.0	12761.0
-820	218063.0	12551.0
-819	218864.0	12686.0
-818	219058.0	12655.0
-817	218697.0	12675.0
-816	218873.0	12582.0
-815	218933.0	12650.0
-814	218936.0	12721.0
-813	219334.0	12650.0
-812	218930.0	12703.0
-811	219028.0	12458.0
-810	219317.0	12575.0
-809	219075.0	12676.0
-808	219625.0	12617.0
-807	219475.0	12658.0
-806	218703.0	12662.0
-805	219234.0	12557.0
-804	219344.0	12684.0
-803	219633.0	12565.0
-802	220305.0	12469.0
-801	221047.0	12511.0
-800	220700.0	12501.0
-799	221422.0	12571.0
-798	221084.0	12629.0
-797	221561.0	12520.0
-796	220583.0	12510.0
-795	220998.0	12592.0
-794	221135.0	12600.0
-793	221251.0	12640.0
-792	221611.0	12656.0
-791	221266.0	12660.0
-790	221885.0	12522.0
-789	221275.0	12555.0
-788	221720.0	12600.0
-787	221615.0	12507.0
-786	222129.0	12533.0
-785	222098.0	12476.0
-784	222144.0	12464.0
-783	222094.0	12662.0
-782	222394.0	12485.0
-781	222338.0	12507.0
-780	222315.0	12608.0
-779	222858.0	12400.0
-778	222730.0	12426.0
-777	222653.0	12352.0
-776	222558.0	12467.0
-775	222625.0	12450.0
-774	222710.0	12325.0
-773	222721.0	12594.0
-772	222805.0	12501.0
-771	223034.0	12550.0
-770	222843.0	12601.0
-769	222836.0	12572.0
-768	222273.0	12403.0
-767	222981.0	12462.0
-766	223323.0	12325.0
-765	223536.0	12388.0
-764	223452.0	12371.0
-763	223629.0	12328.0
-762	223638.0	12424.0
-761	223501.0	12453.0
-760	223787.0	12580.0
-759	224023.0	12633.0
-758	224177.0	12452.0
-757	223790.0	12365.0
-756	224388.0	12461.0
-755	224265.0	12539.0
-754	224086.0	12602.0
-753	224468.0	12409.0
-752	225194.0	12461.0
-751	224684.0	12520.0
-750	224748.0	12520.0
-749	225039.0	12482.0
-748	224777.0	12371.0
-747	224598.0	12335.0
-746	224420.0	12418.0
-745	225441.0	12365.0
-744	225040.0	12410.0
-743	225366.0	12496.0
-742	225681.0	12516.0
-741	225399.0	12377.0
-740	225533.0	12444.0
-739	225108.0	12462.0
-738	225112.0	12361.0
-737	226430.0	12349.0
-736	225886.0	12314.0
-735	225794.0	12384.0
-734	225359.0	12291.0
-733	225786.0	12381.0
-732	225751.0	12264.0
-731	226129.0	12273.0
-730	226181.0	12242.0
-729	226860.0	12304.0
-728	226765.0	12294.0
-727	226471.0	12207.0
-726	227016.0	12344.0
-725	226229.0	12331.0
-724	226492.0	12249.0
-723	226836.0	12280.0
-722	226633.0	12411.0
-721	227385.0	12297.0
-720	227390.0	12347.0
-719	227088.0	12291.0
-718	227232.0	12313.0
-717	226813.0	12265.0
-716	226583.0	12310.0
-715	227396.0	12356.0
-714	227800.0	12332.0
-713	227871.0	12219.0
-712	228033.0	12200.0
-711	227554.0	12260.0
-710	227856.0	12205.0
-709	228047.0	12281.0
-708	228826.0	12231.0
-707	228082.0	12226.0
-706	228636.0	12476.0
-705	228624.0	12284.0
-704	227945.0	12155.0
-703	228968.0	12231.0
-702	228836.0	12189.0
-701	228312.0	12329.0
-700	228495.0	12201.0
-699	229136.0	12317.0
-698	228723.0	12171.0
-697	229010.0	12395.0
-696	229318.0	12269.0
-695	229876.0	12367.0
-694	229377.0	12063.0
-693	229929.0	12136.0
-692	229677.0	12113.0
-691	229815.0	12228.0
-690	229922.0	12225.0
-689	230418.0	12214.0
-688	230079.0	12264.0
-687	230291.0	12107.0
-686	230402.0	12126.0
-685	230677.0	12009.0
-684	230586.0	12198.0
-683	230064.0	12259.0
-682	230343.0	12229.0
-681	231282.0	12303.0
-680	231056.0	12245.0
-679	230519.0	12086.0
-678	230929.0	12251.0
-677	230837.0	12284.0
-676	230891.0	12178.0
-675	231921.0	12090.0
-674	231393.0	12024.0
-673	231617.0	11974.0
-672	232212.0	12042.0
-671	232719.0	12155.0
-670	231829.0	12069.0
-669	232443.0	12159.0
-668	231851.0	12011.0
-667	232175.0	12120.0
-666	232258.0	12104.0
-665	232502.0	11780.0
-664	232219.0	11915.0
-663	232407.0	11879.0
-662	232112.0	11936.0
-661	232618.0	11985.0
-660	232845.0	12048.0
-659	233062.0	12037.0
-658	232841.0	11873.0
-657	232454.0	12019.0
-656	232927.0	12031.0
-655	232956.0	11845.0
-654	233661.0	11926.0
-653	233021.0	12017.0
-652	233966.0	12127.0
-651	233726.0	12092.0
-650	234001.0	12056.0
-649	233851.0	12017.0
-648	234356.0	11945.0
-647	234209.0	12007.0
-646	234026.0	11953.0
-645	234164.0	11980.0
-644	233953.0	12074.0
-643	234087.0	12032.0
-642	233875.0	12031.0
-641	234553.0	11814.0
-640	234137.0	11933.0
-639	234009.0	11812.0
-638	234071.0	11955.0
-637	234419.0	11972.0
-636	234567.0	11987.0
-635	234395.0	11846.0
-634	234607.0	11838.0
-633	234701.0	11846.0
-632	234552.0	11885.0
-631	234608.0	11898.0
-630	235272.0	11957.0
-629	235392.0	11932.0
-628	234848.0	11766.0
-627	235820.0	11811.0
-626	235681.0	11841.0
-625	236317.0	12008.0
-624	235446.0	11870.0
-623	236187.0	11892.0
-622	235348.0	11971.0
-621	235443.0	11865.0
-620	235860.0	11956.0
-619	235905.0	11839.0
-618	236088.0	11932.0
-617	236368.0	11811.0
-616	235906.0	11847.0
-615	236268.0	11675.0
-614	236745.0	11810.0
-613	236000.0	11989.0
-612	236567.0	11870.0
-611	236578.0	11857.0
-610	237060.0	11874.0
-609	236974.0	11987.0
-608	236761.0	11810.0
-607	236887.0	11918.0
-606	236813.0	11798.0
-605	237088.0	11736.0
-604	237979.0	11834.0
-603	237381.0	11901.0
-602	237724.0	11828.0
-601	237908.0	11805.0
-600	238007.0	11948.0
-599	238183.0	11970.0
-598	238097.0	11874.0
-597	238429.0	11620.0
-596	239110.0	11855.0
-595	238676.0	11944.0
-594	238604.0	11788.0
-593	238728.0	11818.0
-592	239197.0	11844.0
-591	238840.0	11629.0
-590	238977.0	11676.0
-589	238771.0	11779.0
-588	239270.0	11811.0
-587	239242.0	11690.0
-586	239083.0	11390.0
-585	239346.0	11558.0
-584	239691.0	11614.0
-583	239572.0	11596.0
-582	240180.0	11557.0
-581	240061.0	11730.0
-580	239635.0	11640.0
-579	240187.0	11796.0
-578	239092.0	11722.0
-577	240023.0	11554.0
-576	240206.0	11603.0
-575	240381.0	11737.0
-574	240087.0	11712.0
-573	240311.0	11772.0
-572	240572.0	11544.0
-571	240497.0	11654.0
-570	241167.0	11641.0
-569	240784.0	11495.0
-568	240886.0	11573.0
-567	241540.0	11713.0
-566	241043.0	11534.0
-565	241558.0	11557.0
-564	241451.0	11658.0
-563	241494.0	11547.0
-562	241343.0	11592.0
-561	241305.0	11456.0
-560	241755.0	11564.0
-559	242139.0	11723.0
-558	242268.0	11728.0
-557	242567.0	11622.0
-556	242326.0	11692.0
-555	242891.0	11669.0
-554	242699.0	11556.0
-553	243022.0	11553.0
-552	242853.0	11492.0
-551	242702.0	11501.0
-550	243107.0	11352.0
-549	242240.0	11541.0
-548	243326.0	11547.0
-547	243207.0	11349.0
-546	243858.0	11474.0
-545	243225.0	11404.0
-544	243569.0	11504.0
-543	243408.0	11346.0
-542	243976.0	11561.0
-541	243794.0	11485.0
-540	243971.0	11506.0
-539	244549.0	11439.0
-538	244380.0	11550.0
-537	244168.0	11336.0
-536	245181.0	11521.0
-535	245056.0	11416.0
-534	244743.0	11433.0
-533	245520.0	11280.0
-532	245811.0	11321.0
-531	245908.0	11285.0
-530	245843.0	11326.0
-529	246185.0	11478.0
-528	246279.0	11292.0
-527	246333.0	11292.0
-526	246508.0	11418.0
-525	246160.0	11491.0
-524	246359.0	11456.0
-523	246079.0	11397.0
-522	246675.0	11473.0
-521	246338.0	11489.0
-520	246345.0	11703.0
-519	246339.0	11375.0
-518	246769.0	11510.0
-517	247281.0	11507.0
-516	247526.0	11460.0
-515	247863.0	11396.0
-514	247685.0	11561.0
-513	247209.0	11457.0
-512	247331.0	11387.0
-511	248074.0	11503.0
-510	247663.0	11401.0
-509	248340.0	11373.0
-508	249253.0	11453.0
-507	249408.0	11395.0
-506	249319.0	11352.0
-505	249678.0	11434.0
-504	249242.0	11372.0
-503	248856.0	11349.0
-502	249426.0	11272.0
-501	249126.0	11312.0
-500	249752.0	11376.0
-499	249069.0	11355.0
-498	248966.0	11359.0
-497	249834.0	11485.0
-496	248684.0	11528.0
-495	249486.0	11627.0
-494	249834.0	11583.0
-493	249691.0	11547.0
-492	248914.0	11670.0
-491	250003.0	11579.0
-490	250517.0	11610.0
-489	251473.0	11473.0
-488	251076.0	11556.0
-487	250142.0	11550.0
-486	251170.0	11601.0
-485	250858.0	11485.0
-484	251028.0	11424.0
-483	251463.0	11283.0
-482	252028.0	11259.0
-481	251939.0	11313.0
-480	251511.0	11450.0
-479	251930.0	11419.0
-478	251708.0	11325.0
-477	252552.0	11457.0
-476	252509.0	11404.0
-475	252453.0	11373.0
-474	252594.0	11418.0
-473	252671.0	11210.0
-472	252221.0	11446.0
-471	252908.0	11342.0
-470	252472.0	11427.0
-469	253287.0	11392.0
-468	253409.0	11318.0
-467	253116.0	11489.0
-466	253670.0	11518.0
-465	253814.0	11418.0
-464	253281.0	11271.0
-463	253399.0	11224.0
-462	253837.0	11236.0
-461	253278.0	11259.0
-460	254021.0	11255.0
-459	253956.0	11211.0
-458	253996.0	11013.0
-457	253823.0	11125.0
-456	253851.0	11066.0
-455	254980.0	11068.0
-454	254635.0	11372.0
-453	255714.0	11192.0
-452	255534.0	11011.0
-451	255103.0	11162.0
-450	255298.0	11095.0
-449	255174.0	11252.0
-448	255638.0	11143.0
-447	254661.0	11223.0
-446	255532.0	11082.0
-445	255296.0	11070.0
-444	255957.0	11171.0
-443	255803.0	11163.0
-442	255760.0	11110.0
-441	256210.0	11226.0
-440	255725.0	11037.0
-439	256179.0	11082.0
-438	256570.0	11008.0
-437	256501.0	11019.0
-436	257374.0	11060.0
-435	257367.0	11095.0
-434	256978.0	10996.0
-433	256932.0	11136.0
-432	257455.0	11220.0
-431	256725.0	11047.0
-430	256604.0	10945.0
-429	257187.0	11062.0
-428	257087.0	11039.0
-427	257408.0	10925.0
-426	257448.0	10888.0
-425	257638.0	11060.0
-424	257878.0	10981.0
-423	258240.0	11011.0
-422	258219.0	11086.0
-421	258686.0	11017.0
-420	258600.0	10964.0
-419	258460.0	10948.0
-418	259511.0	10917.0
-417	258913.0	10849.0
-416	258770.0	10733.0
-415	259638.0	10826.0
-414	259951.0	10957.0
-413	260235.0	10784.0
-412	259776.0	10869.0
-411	260631.0	10827.0
-410	259713.0	10976.0
-409	259612.0	10772.0
-408	259364.0	10934.0
-407	260849.0	11001.0
-406	260597.0	10876.0
-405	260376.0	10745.0
-404	260678.0	10784.0
-403	260998.0	10788.0
-402	260937.0	10579.0
-401	261709.0	10665.0
-400	260806.0	10562.0
-399	260717.0	10744.0
-398	261716.0	10732.0
-397	261399.0	10728.0
-396	262400.0	10729.0
-395	261746.0	10581.0
-394	262269.0	10735.0
-393	262196.0	10681.0
-392	262150.0	10774.0
-391	263250.0	10847.0
-390	263363.0	10737.0
-389	263174.0	10756.0
-388	262995.0	10593.0
-387	262946.0	10743.0
-386	264048.0	10832.0
-385	263325.0	10821.0
-384	263560.0	10838.0
-383	264539.0	10685.0
-382	264048.0	10572.0
-381	263761.0	10560.0
-380	264422.0	10721.0
-379	264071.0	10719.0
-378	264477.0	10694.0
-377	265155.0	10722.0
-376	264999.0	10635.0
-375	265192.0	10645.0
-374	265356.0	10789.0
-373	265699.0	10634.0
-372	265772.0	10726.0
-371	265829.0	10714.0
-370	265872.0	10636.0
-369	266042.0	10694.0
-368	266414.0	10667.0
-367	266649.0	10778.0
-366	266776.0	10596.0
-365	266849.0	10592.0
-364	266969.0	10771.0
-363	266977.0	10651.0
-362	267185.0	10704.0
-361	266996.0	10590.0
-360	268040.0	10723.0
-359	267958.0	10578.0
-358	268251.0	10588.0
-357	268486.0	10567.0
-356	268524.0	10642.0
-355	268880.0	10567.0
-354	268246.0	10380.0
-353	268799.0	10560.0
-352	268959.0	10542.0
-351	268802.0	10490.0
-350	269461.0	10581.0
-349	269402.0	10526.0
-348	269892.0	10547.0
-347	270012.0	10532.0
-346	270557.0	10539.0
-345	270692.0	10614.0
-344	270685.0	10369.0
-343	269958.0	10666.0
-342	271075.0	10571.0
-341	270715.0	10679.0
-340	271625.0	10628.0
-339	271794.0	10602.0
-338	271330.0	10653.0
-337	271938.0	10637.0
-336	272040.0	10541.0
-335	271871.0	10684.0
-334	272497.0	10541.0
-333	273195.0	10586.0
-332	273153.0	10557.0
-331	273537.0	10484.0
-330	273450.0	10468.0
-329	273613.0	10405.0
-328	273906.0	10396.0
-327	274053.0	10548.0
-326	273723.0	10578.0
-325	274278.0	10453.0
-324	274364.0	10583.0
-323	274353.0	10699.0
-322	274390.0	10498.0
-321	274939.0	10459.0
-320	275084.0	10488.0
-319	275360.0	10607.0
-318	275260.0	10436.0
-317	276046.0	10556.0
-316	275609.0	10604.0
-315	276284.0	10588.0
-314	276661.0	10500.0
-313	277475.0	10467.0
-312	277197.0	10639.0
-311	276730.0	10667.0
-310	277470.0	10537.0
-309	277963.0	10439.0
-308	276930.0	10551.0
-307	278015.0	10472.0
-306	277926.0	10528.0
-305	277953.0	10452.0
-304	278602.0	10315.0
-303	278058.0	10435.0
-302	278844.0	10411.0
-301	278470.0	10320.0
-300	279666.0	10423.0
-299	278881.0	10301.0
-298	279459.0	10321.0
-297	279595.0	10366.0
-296	279760.0	10253.0
-295	279728.0	10362.0
-294	280663.0	10277.0
-293	280008.0	10481.0
-292	280403.0	10378.0
-291	280238.0	10406.0
-290	280343.0	10373.0
-289	280813.0	10318.0
-288	280856.0	10328.0
-287	281345.0	10392.0
-286	281924.0	10395.0
-285	282000.0	10394.0
-284	281277.0	10359.0
-283	281779.0	10280.0
-282	281626.0	10380.0
-281	282216.0	10338.0
-280	282551.0	10336.0
-279	282594.0	10259.0
-278	282909.0	10238.0
-277	283205.0	10142.0
-276	283264.0	10285.0
-275	283106.0	10195.0
-274	283381.0	10204.0
-273	284245.0	10172.0
-272	284455.0	10242.0
-271	285031.0	10044.0
-270	285261.0	10134.0
-269	285495.0	9968.0
-268	285120.0	10150.0
-267	285885.0	10134.0
-266	285271.0	10257.0
-265	285252.0	10234.0
-264	285340.0	10172.0
-263	285667.0	10264.0
-262	285581.0	10191.0
-261	286558.0	10142.0
-260	286451.0	10150.0
-259	287094.0	10184.0
-258	287460.0	10054.0
-257	288191.0	10150.0
-256	287849.0	10117.0
-255	288657.0	10142.0
-254	287942.0	10222.0
-253	288984.0	10179.0
-252	288464.0	10091.0
-251	289072.0	10179.0
-250	288800.0	10116.0
-249	289178.0	10158.0
-248	288906.0	10107.0
-247	290355.0	10059.0
-246	290382.0	10096.0
-245	289924.0	10015.0
-244	290450.0	9996.0
-243	290045.0	9984.0
-242	290446.0	10073.0
-241	290543.0	9969.0
-240	290692.0	10079.0
-239	291372.0	10199.0
-238	291388.0	10169.0
-237	291636.0	10015.0
-236	291158.0	9943.0
-235	291692.0	10104.0
-234	291983.0	9940.0
-233	292149.0	10051.0
-232	292661.0	9958.0
-231	292355.0	9968.0
-230	292658.0	9969.0
-229	292320.0	10023.0
-228	292427.0	9935.0
-227	292593.0	9903.0
-226	292751.0	9968.0
-225	293556.0	10044.0
-224	293891.0	9918.0
-223	294620.0	9901.0
-222	294838.0	9855.0
-221	294926.0	9821.0
-220	295367.0	9838.0
-219	294958.0	9908.0
-218	295530.0	9818.0
-217	295561.0	10028.0
-216	295900.0	10032.0
-215	295724.0	9931.0
-214	296592.0	9951.0
-213	296669.0	9783.0
-212	296378.0	9841.0
-211	297003.0	9992.0
-210	297456.0	9975.0
-209	298034.0	9850.0
-208	298042.0	9936.0
-207	298303.0	9935.0
-206	298737.0	9864.0
-205	298139.0	9839.0
-204	299325.0	9817.0
-203	298738.0	9918.0
-202	299021.0	9738.0
-201	299341.0	9730.0
-200	299875.0	9838.0
-199	300224.0	9777.0
-198	300193.0	9919.0
-197	300571.0	9913.0
-196	300794.0	9869.0
-195	301357.0	9745.0
-194	301759.0	9647.0
-193	301201.0	9755.0
-192	302972.0	9799.0
-191	302279.0	9743.0
-190	302401.0	9890.0
-189	303184.0	9716.0
-188	302915.0	9681.0
-187	303782.0	9761.0
-186	304774.0	9871.0
-185	304283.0	9648.0
-184	305291.0	9816.0
-183	305429.0	9841.0
-182	304802.0	9798.0
-181	305099.0	9809.0
-180	305988.0	9777.0
-179	305993.0	9754.0
-178	307034.0	9955.0
-177	308301.0	9736.0
-176	308029.0	9848.0
-175	308317.0	9640.0
-174	308435.0	9633.0
-173	309454.0	9705.0
-172	309323.0	9728.0
-171	309806.0	9601.0
-170	310043.0	9637.0
-169	310398.0	9636.0
-168	311291.0	9559.0
-167	312145.0	9705.0
-166	311992.0	9518.0
-165	312503.0	9485.0
-164	312583.0	9534.0
-163	312882.0	9565.0
-162	313860.0	9560.0
-161	315089.0	9684.0
-160	315426.0	9641.0
-159	316201.0	9533.0
-158	316537.0	9524.0
-157	316493.0	9617.0
-156	317377.0	9509.0
-155	318034.0	9635.0
-154	318590.0	9508.0
-153	319250.0	9575.0
-152	318810.0	9563.0
-151	319394.0	9509.0
-150	319788.0	9462.0
-149	320870.0	9535.0
-148	321893.0	9489.0
-147	321360.0	9562.0
-146	322476.0	9574.0
-145	323355.0	9659.0
-144	323592.0	9495.0
-143	323932.0	9443.0
-142	325401.0	9429.0
-141	325871.0	9381.0
-140	326138.0	9499.0
-139	326638.0	9444.0
-138	328084.0	9383.0
-137	328142.0	9401.0
-136	330163.0	9443.0
-135	330826.0	9295.0
-134	331523.0	9479.0
-133	332024.0	9541.0
-132	333079.0	9224.0
-131	333958.0	9320.0
-130	334144.0	9316.0
-129	335636.0	9397.0
-128	336286.0	9386.0
-127	337246.0	9452.0
-126	337898.0	9367.0
-125	339713.0	9526.0
-124	340338.0	9483.0
-123	341098.0	9481.0
-122	341682.0	9431.0
-121	342696.0	9320.0
-120	344004.0	9362.0
-119	344653.0	9478.0
-118	345884.0	9330.0
-117	346774.0	9430.0
-116	348511.0	9518.0
-115	349631.0	9366.0
-114	351502.0	9371.0
-113	351474.0	9554.0
-112	353750.0	9390.0
-111	354718.0	9451.0
-110	355782.0	9343.0
-109	357333.0	9391.0
-108	358069.0	9534.0
-107	359533.0	9413.0
-106	359791.0	9420.0
-105	361559.0	9348.0
-104	362622.0	9391.0
-103	363920.0	9384.0
-102	365434.0	9437.0
-101	366116.0	9156.0
-100	368113.0	9107.0
-99	369699.0	9354.0
-98	369460.0	9218.0
-97	371083.0	9102.0
-96	372792.0	9190.0
-95	374396.0	9306.0
-94	375474.0	9050.0
-93	377536.0	9252.0
-92	378579.0	9200.0
-91	380494.0	9385.0
-90	382530.0	9283.0
-89	383881.0	9277.0
-88	386835.0	9202.0
-87	389093.0	9206.0
-86	391921.0	9205.0
-85	395554.0	9205.0
-84	398527.0	9267.0
-83	401397.0	9166.0
-82	404733.0	9206.0
-81	406870.0	9186.0
-80	406956.0	9045.0
-79	408074.0	9154.0
-78	409339.0	9099.0
-77	410084.0	9090.0
-76	408463.0	9096.0
-75	419670.0	9253.0
-74	409573.0	9184.0
-73	413271.0	9183.0
-72	417910.0	9264.0
-71	419811.0	9195.0
-70	418496.0	9318.0
-69	420301.0	9225.0
-68	417957.0	9245.0
-67	419764.0	9248.0
-66	423141.0	9185.0
-65	436868.0	9187.0
-64	440137.0	9271.0
-63	435112.0	9141.0
-62	434243.0	9257.0
-61	434995.0	9123.0
-60	443614.0	9203.0
-59	444764.0	9266.0
-58	445109.0	9187.0
-57	445896.0	9302.0
-56	446161.0	9342.0
-55	449781.0	9306.0
-54	454511.0	9290.0
-53	454963.0	9510.0
-52	457701.0	9182.0
-51	459186.0	9333.0
-50	462722.0	9378.0
-49	464623.0	9465.0
-48	467739.0	9392.0
-47	469176.0	9405.0
-46	472048.0	9396.0
-45	473543.0	9579.0
-44	474514.0	9506.0
-43	476330.0	9414.0
-42	478982.0	9556.0
-41	481941.0	9541.0
-40	484383.0	9636.0
-39	485959.0	9670.0
-38	486843.0	9563.0
-37	489478.0	9615.0
-36	492042.0	9634.0
-35	493089.0	9517.0
-34	494889.0	9606.0
-33	496362.0	9496.0
-32	499179.0	9526.0
-31	501528.0	9625.0
-30	504067.0	9670.0
-29	505160.0	9631.0
-28	507252.0	9634.0
-27	509586.0	9606.0
-26	512869.0	9676.0
-25	515158.0	9604.0
-24	519082.0	9633.0
-23	520788.0	9622.0
-22	523113.0	9665.0
-21	526084.0	9816.0
-20	529530.0	9702.0
-19	531627.0	9721.0
-18	534466.0	9648.0
-17	535464.0	9805.0
-16	537628.0	9711.0
-15	538333.0	9851.0
-14	539933.0	9680.0
-13	541462.0	9718.0
-12	546125.0	9783.0
-11	549118.0	9740.0
-10	556704.0	9799.0
-9	547637.0	9917.0
-8	556413.0	9940.0
-7	564628.0	10032.0
-6	572443.0	10229.0
-5	579593.0	10247.0
-4	590278.0	10312.0
-3	597070.0	10307.0
-2	635651.0	10549.0
-1	656908.0	10476.0
0	375055.0	10906.0
1	764723.0	10535.0
2	722316.0	10638.0
3	681997.0	10657.0
4	665940.0	10406.0
5	669460.0	10095.0
6	650664.0	9869.0
7	652514.0	9781.0
8	632477.0	9746.0
9	621019.0	9776.0
10	628306.0	10427.0
11	621088.0	10628.0
12	615034.0	10561.0
13	612323.0	10405.0
14	609218.0	10345.0
15	609086.0	10740.0
16	606018.0	10641.0
17	604677.0	10609.0
18	604152.0	10513.0
19	598697.0	10295.0
20	597531.0	10346.0
21	593872.0	10428.0
22	590202.0	10456.0
23	587698.0	10498.0
24	586665.0	10244.0
25	582215.0	10412.0
26	579275.0	10310.0
27	576364.0	10423.0
28	573822.0	10475.0
29	570902.0	10487.0
30	569141.0	10546.0
31	566717.0	10424.0
32	563911.0	10285.0
33	562804.0	10440.0
34	560394.0	10396.0
35	558144.0	10430.0
36	556505.0	10440.0
37	554300.0	10498.0
38	551314.0	10710.0
39	550505.0	10316.0
40	547276.0	10412.0
41	546159.0	10314.0
42	544324.0	10120.0
43	541346.0	10451.0
44	540138.0	10407.0
45	537361.0	10291.0
46	535812.0	10315.0
47	532222.0	10136.0
48	531294.0	10504.0
49	527349.0	10442.0
50	525786.0	10571.0
51	524625.0	10407.0
52	522701.0	10379.0
53	519826.0	10278.0
54	519682.0	10298.0
55	516104.0	10219.0
56	511014.0	10319.0
57	513112.0	10484.0
58	512365.0	10256.0
59	511386.0	10278.0
60	509016.0	10187.0
61	496051.0	9925.0
62	496950.0	10110.0
63	497798.0	10190.0
64	510264.0	10323.0
65	501754.0	10332.0
66	481691.0	10081.0
67	479114.0	10010.0
68	477901.0	10239.0
69	481551.0	10005.0
70	478059.0	10119.0
71	481692.0	9801.0
72	478084.0	9818.0
73	472467.0	10024.0
74	469793.0	10366.0
75	480087.0	13138.0
76	467387.0	10389.0
77	470208.0	10247.0
78	468604.0	9704.0
79	467203.0	9725.0
80	466454.0	9981.0
81	466348.0	9734.0
82	463146.0	10010.0
83	459356.0	9684.0
84	456723.0	9513.0
85	451409.0	9883.0
86	448082.0	9684.0
87	444201.0	9570.0
88	441151.0	9324.0
89	438393.0	9405.0
90	436729.0	9394.0
91	434331.0	9363.0
92	432649.0	9289.0
93	431456.0	9481.0
94	430010.0	9395.0
95	426629.0	9207.0
96	426320.0	9354.0
97	424583.0	9430.0
98	423251.0	9250.0
99	421590.0	9314.0
100	419475.0	9420.0
101	417536.0	9403.0
102	416467.0	9279.0
103	415243.0	9139.0
104	413530.0	9280.0
105	412519.0	9323.0
106	410967.0	9340.0
107	409065.0	9270.0
108	408231.0	9179.0
109	406737.0	9031.0
110	405237.0	8950.0
111	402729.0	9035.0
112	403173.0	8988.0
113	401785.0	8986.0
114	399952.0	8962.0
115	397625.0	8683.0
116	396169.0	8861.0
117	394887.0	8918.0
118	393221.0	8904.0
119	392999.0	8857.0
120	390952.0	8895.0
121	389751.0	8949.0
122	388169.0	8580.0
123	387186.0	8830.0
124	385530.0	8819.0
125	384670.0	8607.0
126	382952.0	8753.0
127	382595.0	8704.0
128	381143.0	8823.0
129	379648.0	8752.0
130	379268.0	8851.0
131	378191.0	8741.0
132	377734.0	8673.0
133	376231.0	8656.0
134	375321.0	8725.0
135	374690.0	8790.0
136	373070.0	8419.0
137	371657.0	8408.0
138	370507.0	8403.0
139	369739.0	8880.0
140	368143.0	8890.0
141	367467.0	8382.0
142	366150.0	8244.0
143	365934.0	8457.0
144	364104.0	8643.0
145	363709.0	8640.0
146	362843.0	8587.0
147	361991.0	8629.0
148	362137.0	8294.0
149	360688.0	8425.0
150	360906.0	8712.0
151	359442.0	8331.0
152	358795.0	8299.0
153	357845.0	8270.0
154	356770.0	8236.0
155	356110.0	8393.0
156	355332.0	8512.0
157	355177.0	8554.0
158	353945.0	8416.0
159	353757.0	8239.0
160	352518.0	8149.0
161	351860.0	8166.0
162	351669.0	8222.0
163	350778.0	8210.0
164	350047.0	8148.0
165	349449.0	8181.0
166	349247.0	8277.0
167	348505.0	8198.0
168	348189.0	8262.0
169	348243.0	8262.0
170	347341.0	8236.0
171	347026.0	8198.0
172	345930.0	8238.0
173	345677.0	8136.0
174	345634.0	8134.0
175	344378.0	8264.0
176	343772.0	7995.0
177	344101.0	8221.0
178	342245.0	8158.0
179	342916.0	8117.0
180	342446.0	8187.0
181	342168.0	8145.0
182	341191.0	8015.0
183	341051.0	8237.0
184	340260.0	8084.0
185	339339.0	7967.0
186	339449.0	8112.0
187	339602.0	8149.0
188	339020.0	8146.0
189	338241.0	8065.0
190	337747.0	8159.0
191	337816.0	8167.0
192	337475.0	8089.0
193	336344.0	8222.0
194	336698.0	7905.0
195	337035.0	7921.0
196	335739.0	8086.0
197	335797.0	8047.0
198	335122.0	8058.0
199	335128.0	8113.0
200	334716.0	7959.0
201	333124.0	8068.0
202	333254.0	8128.0
203	332841.0	8029.0
204	332440.0	7983.0
205	332617.0	7986.0
206	332108.0	7892.0
207	331602.0	7960.0
208	331352.0	7966.0
209	330652.0	7933.0
210	330869.0	7940.0
211	330510.0	7992.0
212	329940.0	7927.0
213	329963.0	8004.0
214	329567.0	7993.0
215	329602.0	8052.0
216	328864.0	8090.0
217	329311.0	8076.0
218	329202.0	8035.0
219	328951.0	8060.0
220	328925.0	8017.0
221	328185.0	7968.0
222	327619.0	7914.0
223	327533.0	8034.0
224	326669.0	7953.0
225	327357.0	7876.0
226	327527.0	8075.0
227	326872.0	8149.0
228	327120.0	7988.0
229	326723.0	7927.0
230	326510.0	7862.0
231	325502.0	7914.0
232	325459.0	7882.0
233	325914.0	7850.0
234	324912.0	7947.0
235	324959.0	7893.0
236	323632.0	7905.0
237	324330.0	7930.0
238	324115.0	7902.0
239	323534.0	7886.0
240	323109.0	7802.0
241	322145.0	7835.0
242	322707.0	7837.0
243	322078.0	7971.0
244	322355.0	7851.0
245	321992.0	7809.0
246	322266.0	7799.0
247	321068.0	7814.0
248	321497.0	7868.0
249	321869.0	7876.0
250	320653.0	7853.0
251	321017.0	7775.0
252	320396.0	7792.0
253	319702.0	7802.0
254	320213.0	7937.0
255	319264.0	7861.0
256	319932.0	7933.0
257	319211.0	7854.0
258	318849.0	7854.0
259	318281.0	7844.0
260	317546.0	7801.0
261	318294.0	7811.0
262	317007.0	7891.0
263	317519.0	7846.0
264	317012.0	7738.0
265	317280.0	7890.0
266	316778.0	7745.0
267	316162.0	7657.0
268	315804.0	7822.0
269	315615.0	7845.0
270	315272.0	7781.0
271	315557.0	7808.0
272	315670.0	7812.0
273	315697.0	7759.0
274	315005.0	7972.0
275	315468.0	7773.0
276	314277.0	7845.0
277	314285.0	7807.0
278	313170.0	7889.0
279	313684.0	7705.0
280	314422.0	7756.0
281	313839.0	7772.0
282	313870.0	7778.0
283	313207.0	7747.0
284	312181.0	7850.0
285	312480.0	7810.0
286	312459.0	7748.0
287	312082.0	7699.0
288	311177.0	7909.0
289	311965.0	7772.0
290	310855.0	7793.0
291	311067.0	7843.0
292	311277.0	7807.0
293	310754.0	7886.0
294	310436.0	7746.0
295	310294.0	7840.0
296	309023.0	7950.0
297	309040.0	7695.0
298	309269.0	7848.0
299	308582.0	7780.0
300	308625.0	7692.0
301	308914.0	7753.0
302	308924.0	7630.0
303	308266.0	7685.0
304	308000.0	7756.0
305	307908.0	7754.0
306	307781.0	7753.0
307	307617.0	7876.0
308	307323.0	7667.0
309	308169.0	7693.0
310	307311.0	7825.0
311	307614.0	7736.0
312	307215.0	7765.0
313	306184.0	7854.0
314	305519.0	7717.0
315	306570.0	7597.0
316	305101.0	7783.0
317	305044.0	7704.0
318	305022.0	7774.0
319	305486.0	7635.0
320	304152.0	7696.0
321	303913.0	7746.0
322	304033.0	7735.0
323	303749.0	7744.0
324	304213.0	7801.0
325	304040.0	7689.0
326	303876.0	7739.0
327	303586.0	7768.0
328	303310.0	7813.0
329	303583.0	7702.0
330	303269.0	7809.0
331	302251.0	7726.0
332	302389.0	7735.0
333	302579.0	7763.0
334	302229.0	7709.0
335	302400.0	7752.0
336	301435.0	7658.0
337	300994.0	7788.0
338	301615.0	7753.0
339	301400.0	7692.0
340	301689.0	7701.0
341	301345.0	7605.0
342	301164.0	7671.0
343	300444.0	7493.0
344	300287.0	7673.0
345	299454.0	7598.0
346	300085.0	7786.0
347	300248.0	7559.0
348	300701.0	7584.0
349	299487.0	7628.0
350	299849.0	7725.0
351	299569.0	7673.0
352	299451.0	7690.0
353	299010.0	7569.0
354	299282.0	7663.0
355	298880.0	7630.0
356	298567.0	7573.0
357	298489.0	7675.0
358	298646.0	7730.0
359	297672.0	7587.0
360	297899.0	7674.0
361	297357.0	7632.0
362	297485.0	7636.0
363	297046.0	7707.0
364	296408.0	7607.0
365	297721.0	7633.0
366	296666.0	7523.0
367	295594.0	7677.0
368	295381.0	7618.0
369	295796.0	7632.0
370	296037.0	7595.0
371	295652.0	7584.0
372	295550.0	7567.0
373	295101.0	7618.0
374	296118.0	7517.0
375	295299.0	7690.0
376	295223.0	7682.0
377	295016.0	7597.0
378	293325.0	7642.0
379	294118.0	7697.0
380	293346.0	7503.0
381	294345.0	7669.0
382	293492.0	7651.0
383	292916.0	7664.0
384	292178.0	7733.0
385	292529.0	7639.0
386	292476.0	7702.0
387	293878.0	7662.0
388	293105.0	7504.0
389	291995.0	7738.0
390	291856.0	7803.0
391	291345.0	7703.0
392	291598.0	7618.0
393	291416.0	7707.0
394	289644.0	7614.0
395	289877.0	7665.0
396	290824.0	7633.0
397	290095.0	7587.0
398	289856.0	7682.0
399	289363.0	7812.0
400	289701.0	7718.0
401	289029.0	7590.0
402	289323.0	7634.0
403	289469.0	7727.0
404	288891.0	7759.0
405	289027.0	7697.0
406	289272.0	7603.0
407	288532.0	7848.0
408	289108.0	7792.0
409	287627.0	7866.0
410	288317.0	7772.0
411	287920.0	7780.0
412	288058.0	7742.0
413	287975.0	7578.0
414	287416.0	7769.0
415	287558.0	7637.0
416	286953.0	7588.0
417	287249.0	7647.0
418	286976.0	7674.0
419	287176.0	7783.0
420	287206.0	7841.0
421	287083.0	7836.0
422	286693.0	7956.0
423	286498.0	7738.0
424	285833.0	7805.0
425	286447.0	7780.0
426	286231.0	7791.0
427	285763.0	7723.0
428	284719.0	7825.0
429	285415.0	7744.0
430	285096.0	7824.0
431	285002.0	7771.0
432	284808.0	7666.0
433	284708.0	7860.0
434	284574.0	7801.0
435	284036.0	7805.0
436	284854.0	7949.0
437	284413.0	7787.0
438	284154.0	7926.0
439	283911.0	7929.0
440	283718.0	7813.0
441	284036.0	7792.0
442	284208.0	7766.0
443	283729.0	7891.0
444	282883.0	7876.0
445	283072.0	7785.0
446	283254.0	7857.0
447	283227.0	7781.0
448	283310.0	7931.0
449	282816.0	7804.0
450	283422.0	7809.0
451	282378.0	7838.0
452	283022.0	7810.0
453	282243.0	7887.0
454	282706.0	7948.0
455	282681.0	7694.0
456	282417.0	7860.0
457	281483.0	7845.0
458	281761.0	7799.0
459	281610.0	7930.0
460	281228.0	7881.0
461	281783.0	7883.0
462	281848.0	7917.0
463	280761.0	7959.0
464	280399.0	7852.0
465	280809.0	7838.0
466	279622.0	7944.0
467	279558.0	7946.0
468	280762.0	8025.0
469	279506.0	8022.0
470	280282.0	7892.0
471	280879.0	7955.0
472	280530.0	7923.0
473	280037.0	7913.0
474	279743.0	8032.0
475	279544.0	7965.0
476	279608.0	7947.0
477	278742.0	8057.0
478	279818.0	7950.0
479	278704.0	8032.0
480	280032.0	7887.0
481	279368.0	7991.0
482	278796.0	8069.0
483	278724.0	8203.0
484	278695.0	8064.0
485	279144.0	7961.0
486	278563.0	7941.0
487	278298.0	8082.0
488	278633.0	8015.0
489	277862.0	8082.0
490	278594.0	8031.0
491	277538.0	8098.0
492	277446.0	8060.0
493	276785.0	8101.0
494	276803.0	8164.0
495	276632.0	8172.0
496	276642.0	8057.0
497	276525.0	8124.0
498	275935.0	7915.0
499	276641.0	8104.0
500	277103.0	8054.0
501	276870.0	8217.0
502	276555.0	8014.0
503	276452.0	8083.0
504	276330.0	8139.0
505	276587.0	8014.0
506	276153.0	8190.0
507	275677.0	8144.0
508	275718.0	8201.0
509	275180.0	8278.0
510	275062.0	8246.0
511	275472.0	8160.0
512	274569.0	8181.0
513	274813.0	8049.0
514	274961.0	8075.0
515	274166.0	8242.0
516	274216.0	8026.0
517	274537.0	8256.0
518	274509.0	8052.0
519	274063.0	8199.0
520	274013.0	8188.0
521	273721.0	8202.0
522	274614.0	8271.0
523	274142.0	8138.0
524	274094.0	8267.0
525	273419.0	8063.0
526	274250.0	8139.0
527	273941.0	8177.0
528	272514.0	8244.0
529	273221.0	8031.0
530	272822.0	8073.0
531	273046.0	8181.0
532	273275.0	8068.0
533	273438.0	8204.0
534	273142.0	8209.0
535	273013.0	8083.0
536	272023.0	8134.0
537	272877.0	8192.0
538	272092.0	8116.0
539	272097.0	8280.0
540	271841.0	8074.0
541	271825.0	8255.0
542	271491.0	8242.0
543	271447.0	8120.0
544	271801.0	8070.0
545	271253.0	8070.0
546	270468.0	8144.0
547	271122.0	8091.0
548	270746.0	8115.0
549	270663.0	8142.0
550	270372.0	8077.0
551	270770.0	8057.0
552	270837.0	8279.0
553	270723.0	8197.0
554	270680.0	8003.0
555	269820.0	8159.0
556	270374.0	8254.0
557	270324.0	8108.0
558	269810.0	8349.0
559	269603.0	8225.0
560	269692.0	8208.0
561	270192.0	8252.0
562	269902.0	8117.0
563	270707.0	8225.0
564	269654.0	8358.0
565	269113.0	8044.0
566	268765.0	8189.0
567	269600.0	8174.0
568	269490.0	8121.0
569	268534.0	8032.0
570	268654.0	8090.0
571	268173.0	8185.0
572	267981.0	8150.0
573	267610.0	8089.0
574	267515.0	8249.0
575	268013.0	8183.0
576	268425.0	8224.0
577	267737.0	8167.0
578	267990.0	8155.0
579	267086.0	8276.0
580	267410.0	8236.0
581	266939.0	8269.0
582	267286.0	8190.0
583	266234.0	8150.0
584	266745.0	8202.0
585	266617.0	8158.0
586	266314.0	8147.0
587	265802.0	8315.0
588	266397.0	8263.0
589	265853.0	8193.0
590	265254.0	8284.0
591	266051.0	8320.0
592	265303.0	8251.0
593	265316.0	8398.0
594	265244.0	8366.0
595	264580.0	8341.0
596	264652.0	8402.0
597	264471.0	8327.0
598	264273.0	8307.0
599	264098.0	8293.0
600	264196.0	8297.0
601	264452.0	8175.0
602	264274.0	8283.0
603	264420.0	8249.0
604	263619.0	8185.0
605	263850.0	8279.0
606	263616.0	8353.0
607	264214.0	8387.0
608	264140.0	8227.0
609	263808.0	8381.0
610	263250.0	8417.0
611	262770.0	8387.0
612	263370.0	8282.0
613	263064.0	8268.0
614	263997.0	8344.0
615	263681.0	8411.0
616	262988.0	8463.0
617	262387.0	8410.0
618	263305.0	8442.0
619	262886.0	8418.0
620	262505.0	8482.0
621	261967.0	8481.0
622	261518.0	8570.0
623	261756.0	8397.0
624	261717.0	8434.0
625	260732.0	8423.0
626	261579.0	8406.0
627	261395.0	8419.0
628	261221.0	8387.0
629	261077.0	8555.0
630	260693.0	8444.0
631	261020.0	8555.0
632	261637.0	8403.0
633	261217.0	8478.0
634	260940.0	8479.0
635	260337.0	8539.0
636	260514.0	8617.0
637	260037.0	8559.0
638	260149.0	8522.0
639	259711.0	8565.0
640	259463.0	8617.0
641	259546.0	8594.0
642	258776.0	8642.0
643	258803.0	8528.0
644	258945.0	8697.0
645	259052.0	8574.0
646	259223.0	8552.0
647	258489.0	8582.0
648	259146.0	8732.0
649	259014.0	8669.0
650	258825.0	8808.0
651	258059.0	8634.0
652	257825.0	8744.0
653	259141.0	8627.0
654	258782.0	8721.0
655	259100.0	8825.0
656	260001.0	8801.0
657	258587.0	8596.0
658	258167.0	8763.0
659	258292.0	8741.0
660	258353.0	8720.0
661	258103.0	8989.0
662	257825.0	8763.0
663	257820.0	8857.0
664	258544.0	8705.0
665	257188.0	8718.0
666	257141.0	8673.0
667	257519.0	8972.0
668	256995.0	8780.0
669	257537.0	8890.0
670	256739.0	8734.0
671	257057.0	8769.0
672	256886.0	8750.0
673	256877.0	8756.0
674	256251.0	8784.0
675	255740.0	8774.0
676	255956.0	8763.0
677	255005.0	8753.0
678	256264.0	8576.0
679	255657.0	8644.0
680	255412.0	8693.0
681	256134.0	8807.0
682	254784.0	8825.0
683	255363.0	8786.0
684	255018.0	8809.0
685	254932.0	8857.0
686	254919.0	8868.0
687	253895.0	8765.0
688	254988.0	8694.0
689	254290.0	8895.0
690	254153.0	8822.0
691	254079.0	8705.0
692	254436.0	8845.0
693	253467.0	8856.0
694	253110.0	8753.0
695	253780.0	8781.0
696	253997.0	8767.0
697	253348.0	8871.0
698	253873.0	8783.0
699	253418.0	8687.0
700	252942.0	8787.0
701	252522.0	8770.0
702	252683.0	8916.0
703	252184.0	8735.0
704	252532.0	8813.0
705	252316.0	8762.0
706	251961.0	8819.0
707	252003.0	8596.0
708	252548.0	8749.0
709	251616.0	8891.0
710	252046.0	8786.0
711	252649.0	8881.0
712	252076.0	8850.0
713	252062.0	8800.0
714	251752.0	8817.0
715	252217.0	8682.0
716	251928.0	8937.0
717	252535.0	8886.0
718	252071.0	8756.0
719	251407.0	8815.0
720	251498.0	8868.0
721	251852.0	8941.0
722	251066.0	8744.0
723	251712.0	8729.0
724	251542.0	8823.0
725	250912.0	8914.0
726	250592.0	8963.0
727	250947.0	8858.0
728	250757.0	8822.0
729	251656.0	8812.0
730	250820.0	8835.0
731	250359.0	8821.0
732	249326.0	8823.0
733	249238.0	8908.0
734	249730.0	9050.0
735	249597.0	8937.0
736	249863.0	8951.0
737	249100.0	8957.0
738	248692.0	9087.0
739	249123.0	9135.0
740	249416.0	8982.0
741	249859.0	9180.0
742	250120.0	8970.0
743	249777.0	9123.0
744	249654.0	9005.0
745	249550.0	8916.0
746	249717.0	8830.0
747	250319.0	8865.0
748	249964.0	9059.0
749	249516.0	8972.0
750	248795.0	8988.0
751	249194.0	8756.0
752	249470.0	9040.0
753	248937.0	8976.0
754	248666.0	9092.0
755	249091.0	9045.0
756	249099.0	8961.0
757	248821.0	9063.0
758	248392.0	8930.0
759	248439.0	8901.0
760	248191.0	8865.0
761	248462.0	8933.0
762	247803.0	9042.0
763	247538.0	8929.0
764	247829.0	9003.0
765	247578.0	8997.0
766	247344.0	9076.0
767	247355.0	9048.0
768	247545.0	9224.0
769	247798.0	9058.0
770	248597.0	8960.0
771	248052.0	9042.0
772	247775.0	9097.0
773	247704.0	9211.0
774	247974.0	8989.0
775	247953.0	9049.0
776	248209.0	9140.0
777	246604.0	9077.0
778	246957.0	9112.0
779	246883.0	9152.0
780	247507.0	9177.0
781	247516.0	9085.0
782	247507.0	9234.0
783	246880.0	9353.0
784	246758.0	9324.0
785	247474.0	9188.0
786	247079.0	9297.0
787	246458.0	9129.0
788	247066.0	9068.0
789	246326.0	9325.0
790	246016.0	9313.0
791	246373.0	9454.0
792	246136.0	9369.0
793	246923.0	9332.0
794	246409.0	9557.0
795	246756.0	9500.0
796	246748.0	9513.0
797	246382.0	9502.0
798	246204.0	9428.0
799	246097.0	9545.0
800	246274.0	9384.0
801	246568.0	9283.0
802	246525.0	9520.0
803	245437.0	9546.0
804	245501.0	9394.0
805	245599.0	9404.0
806	245645.0	9282.0
807	245946.0	9501.0
808	245583.0	9396.0
809	245560.0	9257.0
810	244831.0	9247.0
811	244848.0	9417.0
812	245603.0	9335.0
813	245418.0	9260.0
814	244411.0	9334.0
815	243745.0	9167.0
816	243887.0	9268.0
817	244682.0	9300.0
818	244431.0	9175.0
819	245464.0	9261.0
820	244852.0	9214.0
821	244386.0	9191.0
822	245537.0	9201.0
823	245107.0	9120.0
824	244664.0	9193.0
825	244312.0	9274.0
826	244179.0	9300.0
827	244337.0	9263.0
828	243753.0	9149.0
829	244585.0	8998.0
830	244118.0	9200.0
831	244194.0	9140.0
832	244009.0	9159.0
833	244303.0	9243.0
834	244212.0	9180.0
835	243178.0	9131.0
836	245025.0	9077.0
837	244642.0	9085.0
838	244761.0	9148.0
839	243870.0	9108.0
840	243728.0	8943.0
841	243882.0	8972.0
842	243519.0	9078.0
843	243944.0	8928.0
844	242815.0	9057.0
845	243683.0	9183.0
846	243589.0	9023.0
847	242929.0	9119.0
848	243321.0	9036.0
849	241994.0	9035.0
850	242372.0	8972.0
851	242378.0	9149.0
852	242674.0	9039.0
853	242403.0	9066.0
854	242102.0	9069.0
855	242609.0	9109.0
856	241918.0	9146.0
857	242159.0	9101.0
858	241422.0	9038.0
859	241368.0	8923.0
860	241773.0	9237.0
861	241494.0	8995.0
862	242163.0	9013.0
863	242453.0	9185.0
864	241987.0	9031.0
865	241382.0	9032.0
866	241966.0	9028.0
867	241351.0	8930.0
868	241694.0	9012.0
869	242033.0	8877.0
870	242630.0	9012.0
871	242851.0	8917.0
872	240778.0	8927.0
873	241066.0	8859.0
874	241637.0	9064.0
875	241353.0	8856.0
876	240693.0	8874.0
877	240292.0	8891.0
878	240098.0	8816.0
879	240136.0	8949.0
880	239197.0	8649.0
881	239310.0	8684.0
882	239605.0	8672.0
883	240497.0	8744.0
884	239535.0	8822.0
885	238900.0	8639.0
886	238594.0	8682.0
887	239032.0	8673.0
888	238975.0	8650.0
889	238639.0	8859.0
890	237977.0	8723.0
891	238460.0	8706.0
892	238392.0	8687.0
893	238408.0	8746.0
894	237748.0	8714.0
895	238294.0	8839.0
896	237746.0	8703.0
897	238375.0	8728.0
898	237625.0	8890.0
899	238219.0	8722.0
900	237895.0	8699.0
901	237335.0	8789.0
902	237724.0	8681.0
903	237421.0	8654.0
904	236461.0	8780.0
905	237127.0	8784.0
906	236420.0	8726.0
907	237340.0	8750.0
908	237106.0	8549.0
909	237400.0	8639.0
910	237514.0	8760.0
911	236927.0	8677.0
912	235922.0	8620.0
913	236337.0	8614.0
914	237203.0	8593.0
915	235895.0	8650.0
916	236223.0	8503.0
917	235987.0	8661.0
918	236849.0	8726.0
919	236228.0	8725.0
920	236214.0	8638.0
921	235542.0	8607.0
922	235957.0	8537.0
923	235567.0	8574.0
924	236494.0	8557.0
925	236338.0	8547.0
926	235838.0	8598.0
927	237026.0	8485.0
928	236262.0	8545.0
929	235898.0	8493.0
930	235869.0	8658.0
931	236453.0	8441.0
932	235604.0	8513.0
933	236047.0	8626.0
934	235802.0	8518.0
935	235542.0	8568.0
936	235413.0	8441.0
937	235275.0	8495.0
938	235267.0	8459.0
939	235110.0	8513.0
940	235130.0	8447.0
941	235212.0	8579.0
942	235373.0	8485.0
943	234190.0	8595.0
944	234372.0	8521.0
945	234864.0	8484.0
946	234772.0	8569.0
947	234931.0	8566.0
948	235284.0	8566.0
949	235442.0	8441.0
950	234999.0	8471.0
951	234863.0	8349.0
952	234523.0	8347.0
953	234649.0	8428.0
954	234734.0	8486.0
955	234338.0	8390.0
956	234030.0	8313.0
957	234518.0	8412.0
958	234275.0	8443.0
959	233913.0	8394.0
960	233431.0	8407.0
961	234214.0	8432.0
962	234429.0	8462.0
963	233880.0	8416.0
964	234709.0	8400.0
965	233998.0	8306.0
966	234027.0	8434.0
967	234298.0	8495.0
968	234494.0	8457.0
969	234867.0	8507.0
970	234289.0	8505.0
971	233662.0	8568.0
972	233699.0	8600.0
973	233841.0	8465.0
974	234674.0	8454.0
975	234281.0	8559.0
976	233485.0	8392.0
977	233396.0	8494.0
978	233732.0	8535.0
979	233084.0	8556.0
980	233695.0	8585.0
981	232814.0	8434.0
982	233501.0	8547.0
983	232956.0	8472.0
984	233030.0	8462.0
985	232928.0	8535.0
986	233054.0	8564.0
987	233671.0	8422.0
988	232344.0	8385.0
989	233170.0	8407.0
990	233022.0	8434.0
991	233073.0	8459.0
992	232972.0	8445.0
993	233779.0	8431.0
994	234095.0	8341.0
995	233374.0	8397.0
996	232915.0	8442.0
997	233035.0	8475.0
998	233043.0	8421.0
999	233119.0	8599.0
1000	232941.0	8539.0
1001	232571.0	8515.0
1002	232042.0	8528.0
1003	232225.0	8521.0
1004	233553.0	8555.0
1005	232806.0	8454.0
1006	232719.0	8458.0
1007	232205.0	8577.0
1008	232505.0	8533.0
1009	232468.0	8500.0
1010	232626.0	8575.0
1011	231518.0	8499.0
1012	231293.0	8477.0
1013	231614.0	8456.0
1014	230963.0	8457.0
1015	231112.0	8562.0
1016	231545.0	8394.0
1017	231593.0	8406.0
1018	230946.0	8342.0
1019	231246.0	8407.0
1020	231328.0	8395.0
1021	230957.0	8427.0
1022	231529.0	8428.0
1023	231584.0	8438.0
1024	232025.0	8286.0
1025	231559.0	8347.0
1026	231940.0	8363.0
1027	231901.0	8397.0
1028	230905.0	8358.0
1029	231092.0	8198.0
1030	232168.0	8328.0
1031	230650.0	8312.0
1032	231418.0	8255.0
1033	231935.0	8274.0
1034	230992.0	8165.0
1035	231080.0	8330.0
1036	230110.0	8245.0
1037	230230.0	8170.0
1038	231273.0	8222.0
1039	230827.0	8204.0
1040	230727.0	8121.0
1041	230086.0	8237.0
1042	229768.0	7970.0
1043	230013.0	8175.0
1044	230227.0	8054.0
1045	230598.0	8118.0
1046	230082.0	8066.0
1047	230359.0	8087.0
1048	230499.0	7982.0
1049	229543.0	7919.0
1050	230122.0	8121.0
1051	230191.0	7990.0
1052	230019.0	7988.0
1053	229927.0	8014.0
1054	229748.0	8017.0
1055	229935.0	8142.0
1056	229585.0	8062.0
1057	229657.0	8119.0
1058	229644.0	8092.0
1059	229344.0	7960.0
1060	229815.0	8167.0
1061	229812.0	8152.0
1062	229460.0	8082.0
1063	229639.0	8008.0
1064	228972.0	8148.0
1065	228699.0	8099.0
1066	228278.0	7926.0
1067	228663.0	8046.0
1068	228938.0	8000.0
1069	228159.0	7870.0
1070	228455.0	8007.0
1071	228383.0	7906.0
1072	228590.0	8026.0
1073	228303.0	8039.0
1074	228801.0	8072.0
1075	228482.0	8071.0
1076	228007.0	8093.0
1077	228233.0	8086.0
1078	228105.0	8163.0
1079	228034.0	8073.0
1080	227602.0	8091.0
1081	228042.0	8121.0
1082	228197.0	8232.0
1083	227661.0	8132.0
1084	226685.0	8075.0
1085	227248.0	8126.0
1086	226569.0	8129.0
1087	226058.0	8011.0
1088	226455.0	8135.0
1089	226513.0	8110.0
1090	226560.0	7938.0
1091	226723.0	8087.0
1092	226679.0	8160.0
1093	226889.0	8000.0
1094	226033.0	8063.0
1095	225964.0	8056.0
1096	225534.0	8008.0
1097	225539.0	8078.0
1098	225922.0	8015.0
1099	226105.0	8017.0
1100	225941.0	7991.0
1101	225787.0	7900.0
1102	225360.0	7916.0
1103	226253.0	8012.0
1104	225724.0	7949.0
1105	225647.0	7993.0
1106	225468.0	7885.0
1107	225102.0	8116.0
1108	225163.0	8107.0
1109	225516.0	7981.0
1110	225367.0	7990.0
1111	224877.0	7871.0
1112	225361.0	8028.0
1113	224440.0	8066.0
1114	225235.0	7971.0
1115	224423.0	8050.0
1116	224732.0	7863.0
1117	224416.0	8092.0
1118	224694.0	8042.0
1119	224174.0	7852.0
1120	223659.0	7982.0
1121	224226.0	7922.0
1122	224139.0	8069.0
1123	224709.0	7867.0
1124	224612.0	7899.0
1125	225003.0	7964.0
1126	224376.0	8012.0
1127	224298.0	7951.0
1128	223775.0	7839.0
1129	223936.0	7956.0
1130	224274.0	7950.0
1131	223540.0	7828.0
1132	223682.0	7817.0
1133	223447.0	7866.0
1134	223445.0	7812.0
1135	224005.0	7849.0
1136	222942.0	7840.0
1137	222937.0	7795.0
1138	222600.0	7755.0
1139	222809.0	7761.0
1140	222912.0	7801.0
1141	222540.0	7801.0
1142	222261.0	7620.0
1143	222272.0	7689.0
1144	221778.0	7790.0
1145	221665.0	7668.0
1146	222241.0	7565.0
1147	222663.0	7717.0
1148	222547.0	7689.0
1149	222003.0	7707.0
1150	220931.0	7578.0
1151	221351.0	7660.0
1152	221480.0	7784.0
1153	221244.0	7888.0
1154	221791.0	7884.0
1155	221524.0	7749.0
1156	220614.0	7563.0
1157	220858.0	7648.0
1158	220647.0	7645.0
1159	220322.0	7660.0
1160	220380.0	7801.0
1161	220619.0	7580.0
1162	219457.0	7780.0
1163	220300.0	7720.0
1164	219885.0	7815.0
1165	219969.0	7630.0
1166	219886.0	7710.0
1167	219731.0	7914.0
1168	219081.0	7782.0
1169	219648.0	7658.0
1170	219857.0	7690.0
1171	219383.0	7681.0
1172	218915.0	7705.0
1173	219799.0	7554.0
1174	218829.0	7671.0
1175	218831.0	7738.0
1176	218668.0	7566.0
1177	218879.0	7793.0
1178	218757.0	7883.0
1179	218988.0	7768.0
1180	218350.0	7750.0
1181	218927.0	7708.0
1182	218567.0	7680.0
1183	218954.0	7695.0
1184	218799.0	7729.0
1185	218129.0	7651.0
1186	218161.0	7687.0
1187	218886.0	7653.0
1188	218673.0	7795.0
1189	218152.0	7787.0
1190	217963.0	7759.0
1191	218085.0	7520.0
1192	218197.0	7678.0
1193	217644.0	7671.0
1194	217484.0	7553.0
1195	217143.0	7577.0
1196	217679.0	7678.0
1197	217418.0	7657.0
1198	217452.0	7661.0
1199	216531.0	7573.0
1200	215894.0	7622.0
1201	216519.0	7547.0
1202	216615.0	7709.0
1203	217222.0	7489.0
1204	216652.0	7654.0
1205	216533.0	7549.0
1206	216595.0	7535.0
1207	215789.0	7611.0
1208	216529.0	7659.0
1209	216288.0	7570.0
1210	215330.0	7633.0
1211	215672.0	7620.0
1212	215597.0	7654.0
1213	216607.0	7695.0
1214	216017.0	7570.0
1215	216006.0	7622.0
1216	216043.0	7626.0
1217	215631.0	7657.0
1218	215828.0	7507.0
1219	215248.0	7611.0
1220	215528.0	7703.0
1221	214989.0	7676.0
1222	215094.0	7626.0
1223	215272.0	7607.0
1224	214593.0	7610.0
1225	215326.0	7598.0
1226	215065.0	7566.0
1227	214808.0	7796.0
1228	214149.0	7751.0
1229	213719.0	7665.0
1230	214126.0	7655.0
1231	213918.0	7547.0
1232	214318.0	7690.0
1233	213906.0	7684.0
1234	213976.0	7551.0
1235	213664.0	7658.0
1236	213270.0	7429.0
1237	213561.0	7570.0
1238	213085.0	7633.0
1239	212689.0	7523.0
1240	213104.0	7610.0
1241	212784.0	7626.0
1242	213061.0	7587.0
1243	213377.0	7521.0
1244	213018.0	7539.0
1245	213268.0	7639.0
1246	213430.0	7652.0
1247	212786.0	7635.0
1248	212613.0	7663.0
1249	212463.0	7406.0
1250	213063.0	7588.0
1251	213425.0	7588.0
1252	213203.0	7532.0
1253	212788.0	7533.0
1254	213279.0	7525.0
1255	213095.0	7553.0
1256	212793.0	7564.0
1257	212649.0	7597.0
1258	213112.0	7538.0
1259	212844.0	7592.0
1260	212764.0	7597.0
1261	212703.0	7544.0
1262	212382.0	7565.0
1263	212360.0	7522.0
1264	212114.0	7533.0
1265	212189.0	7639.0
1266	211991.0	7587.0
1267	212205.0	7679.0
1268	212320.0	7581.0
1269	211862.0	7612.0
1270	212091.0	7589.0
1271	211836.0	7393.0
1272	211186.0	7473.0
1273	211738.0	7449.0
1274	211912.0	7519.0
1275	211558.0	7719.0
1276	211466.0	7714.0
1277	211913.0	7347.0
1278	211344.0	7604.0
1279	211321.0	7369.0
1280	211539.0	7507.0
1281	211387.0	7447.0
1282	211009.0	7493.0
1283	211264.0	7530.0
1284	211575.0	7529.0
1285	211380.0	7503.0
1286	211139.0	7514.0
1287	210466.0	7469.0
1288	211076.0	7391.0
1289	211525.0	7468.0
1290	211590.0	7593.0
1291	210944.0	7596.0
1292	210957.0	7559.0
1293	211305.0	7673.0
1294	210929.0	7464.0
1295	211096.0	7532.0
1296	211563.0	7604.0
1297	211376.0	7400.0
1298	210800.0	7465.0
1299	210338.0	7423.0
1300	211197.0	7410.0
1301	210737.0	7336.0
1302	210836.0	7597.0
1303	210836.0	7568.0
1304	210275.0	7527.0
1305	210659.0	7467.0
1306	210228.0	7424.0
1307	210119.0	7500.0
1308	210008.0	7479.0
1309	210233.0	7561.0
1310	209773.0	7499.0
1311	209582.0	7490.0
1312	209771.0	7520.0
1313	209585.0	7364.0
1314	209647.0	7440.0
1315	209824.0	7324.0
1316	210159.0	7294.0
1317	209090.0	7497.0
1318	209214.0	7521.0
1319	210144.0	7495.0
1320	209413.0	7444.0
1321	209126.0	7443.0
1322	209843.0	7537.0
1323	209588.0	7494.0
1324	209976.0	7469.0
1325	209273.0	7516.0
1326	209898.0	7500.0
1327	209493.0	7461.0
1328	209782.0	7496.0
1329	209004.0	7406.0
1330	209311.0	7320.0
1331	209195.0	7329.0
1332	209314.0	7444.0
1333	208982.0	7503.0
1334	209328.0	7560.0
1335	209358.0	7384.0
1336	209147.0	7411.0
1337	208505.0	7245.0
1338	208969.0	7280.0
1339	208440.0	7435.0
1340	208404.0	7476.0
1341	208381.0	7454.0
1342	207492.0	7346.0
1343	207980.0	7485.0
1344	207915.0	7433.0
1345	207633.0	7494.0
1346	207555.0	7474.0
1347	207669.0	7434.0
1348	208238.0	7375.0
1349	207927.0	7399.0
1350	208152.0	7311.0
1351	207470.0	7376.0
1352	207635.0	7530.0
1353	207422.0	7437.0
1354	207202.0	7347.0
1355	207461.0	7344.0
1356	207826.0	7460.0
1357	206912.0	7487.0
1358	207472.0	7413.0
1359	206992.0	7253.0
1360	207173.0	7343.0
1361	206544.0	7468.0
1362	206558.0	7452.0
1363	206877.0	7366.0
1364	206306.0	7416.0
1365	205802.0	7266.0
1366	205970.0	7286.0
1367	205824.0	7380.0
1368	205760.0	7430.0
1369	205969.0	7618.0
1370	205016.0	7289.0
1371	205854.0	7416.0
1372	205674.0	7405.0
1373	205384.0	7358.0
1374	205531.0	7308.0
1375	205269.0	7388.0
1376	205933.0	7373.0
1377	205314.0	7412.0
1378	206094.0	7399.0
1379	204833.0	7455.0
1380	205857.0	7406.0
1381	204894.0	7505.0
1382	205002.0	7415.0
1383	205817.0	7287.0
1384	205106.0	7463.0
1385	204906.0	7418.0
1386	205117.0	7377.0
1387	204961.0	7426.0
1388	205081.0	7308.0
1389	204948.0	7435.0
1390	205047.0	7314.0
1391	204740.0	7240.0
1392	204999.0	7244.0
1393	204875.0	7434.0
1394	205688.0	7296.0
1395	205282.0	7355.0
1396	204245.0	7402.0
1397	204681.0	7269.0
1398	204981.0	7342.0
1399	204799.0	7349.0
1400	204631.0	7310.0
1401	204571.0	7295.0
1402	204817.0	7298.0
1403	204690.0	7336.0
1404	204487.0	7374.0
1405	203804.0	7243.0
1406	203987.0	7294.0
1407	203760.0	7353.0
1408	204309.0	7225.0
1409	204098.0	7206.0
1410	203962.0	7169.0
1411	203823.0	7286.0
1412	203361.0	7174.0
1413	203009.0	7214.0
1414	203567.0	7211.0
1415	203912.0	7202.0
1416	203370.0	7267.0
1417	203634.0	7370.0
1418	203290.0	7262.0
1419	202324.0	7160.0
1420	203473.0	7257.0
1421	203190.0	7364.0
1422	202960.0	7350.0
1423	202744.0	7386.0
1424	202612.0	7381.0
1425	202148.0	7149.0
1426	202387.0	7311.0
1427	202534.0	7312.0
1428	203160.0	7354.0
1429	203068.0	7125.0
1430	203293.0	7301.0
1431	202882.0	7390.0
1432	203102.0	7257.0
1433	203533.0	7280.0
1434	203419.0	7293.0
1435	203778.0	7272.0
1436	203038.0	7249.0
1437	202674.0	7319.0
1438	202754.0	7194.0
1439	203303.0	7317.0
1440	202803.0	7204.0
1441	202743.0	7278.0
1442	202462.0	7240.0
1443	202617.0	7188.0
1444	202848.0	7233.0
1445	202841.0	7296.0
1446	202518.0	7254.0
1447	202624.0	7201.0
1448	202976.0	7258.0
1449	202479.0	7302.0
1450	201718.0	7173.0
1451	201890.0	7209.0
1452	201763.0	7197.0
1453	202156.0	7132.0
1454	202124.0	7158.0
1455	202575.0	7057.0
1456	202025.0	7320.0
1457	201390.0	7121.0
1458	202257.0	7282.0
1459	201921.0	7129.0
1460	201342.0	7147.0
1461	201605.0	7279.0
1462	201351.0	7269.0
1463	201659.0	7149.0
1464	200841.0	7069.0
1465	201593.0	7181.0
1466	201528.0	7225.0
1467	201006.0	7380.0
1468	201495.0	7397.0
1469	201508.0	7205.0
1470	200899.0	7318.0
1471	201164.0	7282.0
1472	201008.0	7189.0
1473	201050.0	7201.0
1474	201143.0	7175.0
1475	201350.0	7082.0
1476	201084.0	7119.0
1477	200776.0	7128.0
1478	200414.0	7164.0
1479	200333.0	7185.0
1480	200015.0	7093.0
1481	200687.0	7055.0
1482	200018.0	7210.0
1483	200157.0	7170.0
1484	200010.0	7198.0
1485	199453.0	7218.0
1486	200404.0	7171.0
1487	200280.0	7287.0
1488	200089.0	7288.0
1489	200037.0	7253.0
1490	199740.0	7218.0
1491	200193.0	7338.0
1492	200182.0	7324.0
1493	200198.0	7225.0
1494	199896.0	7170.0
1495	200239.0	7264.0
1496	199996.0	7268.0
1497	200621.0	7163.0
1498	200231.0	7250.0
1499	200441.0	7185.0
1500	200144.0	7213.0
1501	199960.0	7275.0
1502	200187.0	7261.0
1503	199573.0	7191.0
1504	200048.0	7341.0
1505	199677.0	7308.0
1506	199843.0	7200.0
1507	199640.0	7313.0
1508	199519.0	7268.0
1509	199437.0	7255.0
1510	199967.0	7297.0
1511	200165.0	7227.0
1512	199493.0	7293.0
1513	198862.0	7301.0
1514	198581.0	7236.0
1515	198905.0	7232.0
1516	198320.0	7237.0
1517	199534.0	7211.0
1518	199621.0	7033.0
1519	199423.0	7185.0
1520	199959.0	7222.0
1521	198700.0	7143.0
1522	199351.0	7284.0
1523	198703.0	7151.0
1524	198451.0	7193.0
1525	199033.0	7201.0
1526	198833.0	7173.0
1527	198164.0	7282.0
1528	198276.0	7283.0
1529	198415.0	7139.0
1530	198327.0	7138.0
1531	198333.0	7082.0
1532	197838.0	7202.0
1533	198131.0	7186.0
1534	198035.0	7253.0
1535	198253.0	7154.0
1536	198113.0	7172.0
1537	197337.0	7269.0
1538	197535.0	7156.0
1539	197415.0	7058.0
1540	197743.0	7237.0
1541	198151.0	7189.0
1542	197765.0	7188.0
1543	197723.0	7219.0
1544	197116.0	7192.0
1545	197641.0	7225.0
1546	197652.0	7172.0
1547	197756.0	7267.0
1548	196471.0	7093.0
1549	196378.0	7235.0
1550	196234.0	7302.0
1551	196370.0	7237.0
1552	196604.0	7212.0
1553	196323.0	7146.0
1554	196849.0	7243.0
1555	196410.0	7252.0
1556	195831.0	7265.0
1557	195826.0	7183.0
1558	195205.0	7238.0
1559	195934.0	7035.0
1560	195615.0	7197.0
1561	195232.0	7232.0
1562	195209.0	7210.0
1563	195676.0	7256.0
1564	195990.0	7224.0
1565	195288.0	7268.0
1566	194602.0	7233.0
1567	194862.0	7249.0
1568	195038.0	7216.0
1569	194751.0	7098.0
1570	194597.0	7189.0
1571	194757.0	7183.0
1572	194966.0	7057.0
1573	194449.0	7242.0
1574	194462.0	7170.0
1575	194655.0	7119.0
1576	195271.0	7106.0
1577	195024.0	7183.0
1578	195760.0	7122.0
1579	194502.0	7141.0
1580	194229.0	7187.0
1581	194297.0	7200.0
1582	194312.0	7184.0
1583	193929.0	7097.0
1584	193801.0	7295.0
1585	194034.0	7063.0
1586	194518.0	7232.0
1587	194393.0	7128.0
1588	194435.0	7107.0
1589	194822.0	7164.0
1590	193628.0	7183.0
1591	193768.0	7311.0
1592	193520.0	7185.0
1593	194138.0	7177.0
1594	193581.0	7252.0
1595	193623.0	7112.0
1596	193205.0	7174.0
1597	194056.0	7135.0
1598	193257.0	7135.0
1599	193796.0	6997.0
1600	194029.0	7064.0
1601	193028.0	7177.0
1602	193244.0	7174.0
1603	192920.0	7156.0
1604	193106.0	7039.0
1605	192862.0	6967.0
1606	193779.0	6970.0
1607	193267.0	7096.0
1608	193401.0	7075.0
1609	193014.0	7073.0
1610	192678.0	7129.0
1611	192591.0	7083.0
1612	193033.0	7131.0
1613	191953.0	7014.0
1614	192335.0	7089.0
1615	192436.0	7132.0
1616	191727.0	7139.0
1617	191662.0	7218.0
1618	192295.0	7122.0
1619	192256.0	7062.0
1620	192377.0	7024.0
1621	192195.0	7119.0
1622	192367.0	7117.0
1623	192246.0	7104.0
1624	191304.0	7076.0
1625	192383.0	7115.0
1626	191890.0	7037.0
1627	191131.0	7081.0
1628	192053.0	7157.0
1629	191845.0	7146.0
1630	192174.0	7169.0
1631	191646.0	7122.0
1632	192293.0	6990.0
1633	191556.0	7041.0
1634	191344.0	7077.0
1635	191726.0	7055.0
1636	191658.0	6945.0
1637	191715.0	7025.0
1638	191553.0	7238.0
1639	191713.0	7036.0
1640	191396.0	7190.0
1641	191268.0	7030.0
1642	191631.0	6969.0
1643	191823.0	6914.0
1644	191833.0	6951.0
1645	191370.0	7034.0
1646	191840.0	7065.0
1647	191408.0	7177.0
1648	191215.0	7168.0
1649	190700.0	7069.0
1650	190568.0	7018.0
1651	190526.0	7080.0
1652	190806.0	6932.0
1653	191295.0	7149.0
1654	190322.0	7146.0
1655	190477.0	6959.0
1656	190335.0	7089.0
1657	190134.0	6907.0
1658	190550.0	6971.0
1659	190293.0	7091.0
1660	190059.0	7032.0
1661	190351.0	7110.0
1662	190467.0	7053.0
1663	190512.0	6981.0
1664	190398.0	6983.0
1665	189408.0	7103.0
1666	189346.0	6912.0
1667	189266.0	7067.0
1668	188907.0	7003.0
1669	189399.0	6956.0
1670	189885.0	7011.0
1671	190140.0	6964.0
1672	189606.0	7106.0
1673	189684.0	6995.0
1674	189274.0	6834.0
1675	189200.0	6993.0
1676	189567.0	7004.0
1677	189095.0	6935.0
1678	189238.0	6895.0
1679	189243.0	6866.0
1680	188659.0	6957.0
1681	189528.0	7103.0
1682	188827.0	7072.0
1683	189420.0	6935.0
1684	188810.0	7079.0
1685	189218.0	7057.0
1686	188777.0	6956.0
1687	188568.0	6967.0
1688	188576.0	6914.0
1689	189052.0	7029.0
1690	189878.0	6943.0
1691	189381.0	6938.0
1692	189181.0	6948.0
1693	188727.0	7013.0
1694	189429.0	6924.0
1695	189064.0	6977.0
1696	188554.0	6984.0
1697	188570.0	6992.0
1698	188540.0	6964.0
1699	189298.0	7003.0
1700	188780.0	6941.0
1701	189397.0	7038.0
1702	189091.0	7094.0
1703	189071.0	7068.0
1704	189315.0	6939.0
1705	188712.0	7124.0
1706	189916.0	7126.0
1707	189375.0	7146.0
1708	188961.0	6920.0
1709	190113.0	6921.0
1710	188118.0	6969.0
1711	188052.0	7067.0
1712	187929.0	7102.0
1713	188140.0	6941.0
1714	188177.0	7033.0
1715	187965.0	7025.0
1716	187961.0	7024.0
1717	188194.0	6994.0
1718	187840.0	6897.0
1719	187846.0	6989.0
1720	187765.0	6999.0
1721	188268.0	6988.0
1722	187576.0	7058.0
1723	188209.0	7026.0
1724	187729.0	7067.0
1725	187646.0	7028.0
1726	188011.0	7214.0
1727	187666.0	7054.0
1728	187964.0	7138.0
1729	187186.0	7113.0
1730	187516.0	7072.0
1731	187622.0	7068.0
1732	187811.0	7200.0
1733	188001.0	7030.0
1734	187485.0	7080.0
1735	187057.0	7053.0
1736	186746.0	7046.0
1737	186665.0	7102.0
1738	187262.0	7006.0
1739	186714.0	7096.0
1740	186913.0	6920.0
1741	186518.0	6960.0
1742	187328.0	6910.0
1743	187251.0	6787.0
1744	187149.0	7051.0
1745	187099.0	7082.0
1746	187389.0	7035.0
1747	187178.0	7067.0
1748	186160.0	6875.0
1749	187163.0	7019.0
1750	186847.0	7003.0
1751	186942.0	7054.0
1752	187093.0	6973.0
1753	186268.0	6760.0
1754	187015.0	7002.0
1755	187282.0	6970.0
1756	187283.0	7146.0
1757	186868.0	7176.0
1758	187115.0	7075.0
1759	186670.0	6982.0
1760	186741.0	7064.0
1761	186667.0	7103.0
1762	186649.0	6958.0
1763	186892.0	6989.0
1764	186765.0	7186.0
1765	186647.0	7017.0
1766	186711.0	7087.0
1767	186320.0	6943.0
1768	185896.0	6986.0
1769	186259.0	6950.0
1770	186754.0	7051.0
1771	186466.0	6974.0
1772	186398.0	6906.0
1773	185799.0	6979.0
1774	186235.0	7086.0
1775	187841.0	6879.0
1776	186891.0	6897.0
1777	186855.0	6861.0
1778	187384.0	6960.0
1779	186826.0	6941.0
1780	186550.0	7014.0
1781	186343.0	7065.0
1782	186468.0	7022.0
1783	186467.0	6864.0
1784	186620.0	6894.0
1785	186527.0	6892.0
1786	185907.0	7106.0
1787	186397.0	6944.0
1788	186592.0	6996.0
1789	185852.0	6886.0
1790	187012.0	6957.0
1791	185867.0	6940.0
1792	185566.0	6837.0
1793	185696.0	7014.0
1794	185668.0	6872.0
1795	185676.0	7016.0
1796	185764.0	6874.0
1797	186338.0	6983.0
1798	186175.0	6898.0
1799	185019.0	6915.0
1800	185661.0	6869.0
1801	185176.0	6971.0
1802	184902.0	6967.0
1803	185370.0	6885.0
1804	185313.0	6927.0
1805	185512.0	6794.0
1806	185082.0	6812.0
1807	185323.0	6946.0
1808	184895.0	6755.0
1809	184937.0	6885.0
1810	184748.0	6848.0
1811	184543.0	6951.0
1812	184484.0	6930.0
1813	184968.0	6696.0
1814	184825.0	6936.0
1815	184803.0	6950.0
1816	185007.0	7003.0
1817	184581.0	6891.0
1818	184684.0	6947.0
1819	184336.0	6877.0
1820	184924.0	6853.0
1821	185064.0	6829.0
1822	184934.0	6897.0
1823	184862.0	6914.0
1824	184146.0	6969.0
1825	183841.0	6912.0
1826	183852.0	6977.0
1827	183523.0	6965.0
1828	183838.0	7006.0
1829	184509.0	6962.0
1830	185334.0	7058.0
1831	184835.0	6880.0
1832	184528.0	7011.0
1833	184460.0	7044.0
1834	184159.0	6986.0
1835	184961.0	6901.0
1836	184235.0	6921.0
1837	184105.0	6982.0
1838	184225.0	6971.0
1839	183651.0	6916.0
1840	184117.0	6953.0
1841	183599.0	6931.0
1842	183960.0	6866.0
1843	184171.0	6710.0
1844	183787.0	6787.0
1845	183588.0	6794.0
1846	183685.0	6795.0
1847	184221.0	6897.0
1848	183972.0	6867.0
1849	184143.0	6732.0
1850	183768.0	6955.0
1851	184173.0	6847.0
1852	184132.0	6834.0
1853	184188.0	6882.0
1854	184663.0	6799.0
1855	184089.0	6826.0
1856	183260.0	6841.0
1857	184400.0	6925.0
1858	183838.0	7011.0
1859	184147.0	6816.0
1860	183682.0	6879.0
1861	183870.0	6907.0
1862	183392.0	7002.0
1863	183612.0	6902.0
1864	184537.0	6921.0
1865	183666.0	6887.0
1866	183429.0	6894.0
1867	183560.0	6967.0
1868	183355.0	6770.0
1869	183593.0	6907.0
1870	183169.0	6857.0
1871	183304.0	6835.0
1872	183615.0	6910.0
1873	183337.0	6853.0
1874	182405.0	6821.0
1875	183392.0	6875.0
1876	183009.0	6784.0
1877	183343.0	6815.0
1878	183145.0	6801.0
1879	182667.0	6742.0
1880	183430.0	6821.0
1881	183168.0	6916.0
1882	182348.0	6952.0
1883	182241.0	7000.0
1884	182696.0	6850.0
1885	182206.0	6924.0
1886	182591.0	6862.0
1887	182610.0	6833.0
1888	182682.0	6814.0
1889	182325.0	6839.0
1890	182855.0	6857.0
1891	182291.0	6893.0
1892	182269.0	6792.0
1893	182792.0	6946.0
1894	182431.0	6796.0
1895	181968.0	6719.0
1896	182281.0	6907.0
1897	182002.0	6743.0
1898	182423.0	6984.0
1899	181996.0	6846.0
1900	181563.0	6689.0
1901	181168.0	6797.0
1902	181386.0	6909.0
1903	181260.0	6900.0
1904	181111.0	6925.0
1905	181503.0	6911.0
1906	181430.0	6849.0
1907	181449.0	6769.0
1908	181282.0	6840.0
1909	181197.0	6736.0
1910	181315.0	6943.0
1911	181179.0	6768.0
1912	181167.0	6796.0
1913	181780.0	6811.0
1914	181948.0	6829.0
1915	181947.0	6927.0
1916	181509.0	6917.0
1917	181072.0	6895.0
1918	181257.0	6988.0
1919	181874.0	6838.0
1920	181421.0	6890.0
1921	182189.0	6766.0
1922	181872.0	6736.0
1923	182105.0	6762.0
1924	181803.0	6888.0
1925	182331.0	6827.0
1926	181975.0	6832.0
1927	182055.0	6908.0
1928	182134.0	6737.0
1929	182139.0	6897.0
1930	182423.0	6840.0
1931	182056.0	6749.0
1932	181648.0	6887.0
1933	181774.0	6876.0
1934	181607.0	6863.0
1935	182569.0	6842.0
1936	181864.0	6894.0
1937	181383.0	6918.0
1938	181872.0	6892.0
1939	181784.0	6887.0
1940	181955.0	6885.0
1941	181279.0	6817.0
1942	181687.0	6786.0
1943	181878.0	6852.0
1944	181911.0	6841.0
1945	181334.0	6857.0
1946	181323.0	6907.0
1947	181383.0	6935.0
1948	181234.0	6859.0
1949	181305.0	6824.0
1950	181374.0	6990.0
1951	180734.0	6904.0
1952	181069.0	6936.0
1953	181971.0	6913.0
1954	181549.0	6836.0
1955	182241.0	6983.0
1956	181600.0	7012.0
1957	181649.0	6913.0
1958	182356.0	7050.0
1959	181755.0	6999.0
1960	183144.0	6888.0
1961	182221.0	6984.0
1962	182460.0	6818.0
1963	181816.0	6931.0
1964	181897.0	6884.0
1965	181689.0	6834.0
1966	181211.0	6836.0
1967	181248.0	6980.0
1968	181368.0	6941.0
1969	181747.0	6853.0
1970	181435.0	6865.0
1971	181547.0	6870.0
1972	181028.0	6845.0
1973	180721.0	6944.0
1974	181147.0	6838.0
1975	181498.0	6935.0
1976	181418.0	6800.0
1977	181604.0	6732.0
1978	180999.0	6873.0
1979	181131.0	6919.0
1980	180786.0	6913.0
1981	180946.0	6902.0
1982	180669.0	6810.0
1983	180037.0	6932.0
1984	180298.0	7008.0
1985	180495.0	6813.0
1986	181196.0	6998.0
1987	181226.0	6774.0
1988	181379.0	6857.0
1989	181108.0	6894.0
1990	180527.0	6874.0
1991	179976.0	6836.0
1992	180667.0	6958.0
1993	181045.0	6887.0
1994	180275.0	6861.0
1995	180159.0	6929.0
1996	180081.0	6829.0
1997	180274.0	6829.0
1998	180635.0	6947.0
1999	180142.0	6974.0
