Distance in bp(Fragment Length Estimate: 75)(Peak Width Estimate: 75)	Same Strand (+ for Watson strand, - for Crick)	Opposite Strand
-2000	144125.0	14908.0
-1999	143957.0	15077.0
-1998	144100.0	15018.0
-1997	144451.0	15014.0
-1996	144332.0	14975.0
-1995	144302.0	15010.0
-1994	143822.0	14986.0
-1993	143798.0	14985.0
-1992	144259.0	15010.0
-1991	144104.0	15102.0
-1990	144501.0	14971.0
-1989	144476.0	15143.0
-1988	144295.0	15034.0
-1987	144198.0	15010.0
-1986	144629.0	15084.0
-1985	143922.0	15092.0
-1984	144358.0	14888.0
-1983	143928.0	15060.0
-1982	144224.0	15015.0
-1981	144387.0	15017.0
-1980	144406.0	14991.0
-1979	144353.0	14846.0
-1978	144484.0	15004.0
-1977	144390.0	14943.0
-1976	145062.0	15244.0
-1975	143918.0	15160.0
-1974	144319.0	15116.0
-1973	144079.0	15106.0
-1972	144884.0	14989.0
-1971	144754.0	14977.0
-1970	144656.0	14895.0
-1969	145276.0	15042.0
-1968	144426.0	15212.0
-1967	144172.0	15169.0
-1966	144747.0	14961.0
-1965	144436.0	15063.0
-1964	144857.0	14948.0
-1963	143898.0	15120.0
-1962	144605.0	15066.0
-1961	144497.0	15052.0
-1960	144547.0	15143.0
-1959	144751.0	14940.0
-1958	144564.0	15002.0
-1957	144471.0	14998.0
-1956	145218.0	14934.0
-1955	144801.0	15203.0
-1954	145170.0	14985.0
-1953	144024.0	14925.0
-1952	144862.0	15128.0
-1951	144496.0	15115.0
-1950	144829.0	15007.0
-1949	144821.0	15020.0
-1948	144685.0	15065.0
-1947	144125.0	14942.0
-1946	144460.0	14873.0
-1945	144619.0	15065.0
-1944	144868.0	15138.0
-1943	144655.0	15102.0
-1942	145107.0	15000.0
-1941	144549.0	14984.0
-1940	144908.0	15009.0
-1939	144710.0	14974.0
-1938	145089.0	14904.0
-1937	144894.0	14971.0
-1936	145040.0	15033.0
-1935	144333.0	14897.0
-1934	145048.0	14925.0
-1933	144548.0	14948.0
-1932	145066.0	14955.0
-1931	145255.0	15168.0
-1930	144969.0	15044.0
-1929	145395.0	15131.0
-1928	145156.0	15228.0
-1927	144819.0	15206.0
-1926	144700.0	15212.0
-1925	144888.0	15078.0
-1924	144871.0	15060.0
-1923	145316.0	15036.0
-1922	145001.0	15094.0
-1921	145378.0	15024.0
-1920	145065.0	15141.0
-1919	145405.0	15228.0
-1918	145432.0	15154.0
-1917	144688.0	15146.0
-1916	145449.0	15112.0
-1915	145262.0	15063.0
-1914	145283.0	14986.0
-1913	145191.0	15199.0
-1912	145269.0	15211.0
-1911	144927.0	15070.0
-1910	144931.0	15107.0
-1909	145559.0	15144.0
-1908	145055.0	15079.0
-1907	145016.0	15076.0
-1906	145231.0	15058.0
-1905	145575.0	15223.0
-1904	145061.0	15213.0
-1903	145433.0	15067.0
-1902	145910.0	15165.0
-1901	145338.0	15232.0
-1900	145869.0	15272.0
-1899	145556.0	15161.0
-1898	145323.0	15319.0
-1897	145564.0	15138.0
-1896	145283.0	15286.0
-1895	145629.0	15317.0
-1894	145891.0	15381.0
-1893	145845.0	15334.0
-1892	145949.0	15313.0
-1891	145938.0	15169.0
-1890	145563.0	15245.0
-1889	145698.0	15134.0
-1888	145593.0	15314.0
-1887	145513.0	15208.0
-1886	145539.0	15031.0
-1885	146209.0	15149.0
-1884	146653.0	15127.0
-1883	145993.0	15090.0
-1882	146213.0	15153.0
-1881	146045.0	15213.0
-1880	145647.0	15208.0
-1879	146297.0	15272.0
-1878	146337.0	15237.0
-1877	146316.0	15161.0
-1876	146046.0	15251.0
-1875	146174.0	15346.0
-1874	146328.0	15435.0
-1873	146597.0	15168.0
-1872	146281.0	15214.0
-1871	146535.0	15172.0
-1870	146488.0	15203.0
-1869	146745.0	15289.0
-1868	146482.0	15220.0
-1867	146742.0	15172.0
-1866	146988.0	15292.0
-1865	146705.0	15263.0
-1864	146406.0	15239.0
-1863	146534.0	15142.0
-1862	146555.0	15293.0
-1861	146903.0	15170.0
-1860	147374.0	15109.0
-1859	147096.0	15209.0
-1858	147400.0	15048.0
-1857	147803.0	15018.0
-1856	147399.0	15123.0
-1855	147613.0	15083.0
-1854	147436.0	15060.0
-1853	147900.0	15090.0
-1852	147288.0	15085.0
-1851	147866.0	15009.0
-1850	148135.0	15195.0
-1849	147203.0	15292.0
-1848	147276.0	15168.0
-1847	147428.0	15087.0
-1846	147340.0	15165.0
-1845	147649.0	15175.0
-1844	148035.0	15034.0
-1843	148076.0	15099.0
-1842	147655.0	15242.0
-1841	148062.0	15128.0
-1840	148527.0	15057.0
-1839	147854.0	15002.0
-1838	147759.0	14842.0
-1837	147839.0	14838.0
-1836	148140.0	15057.0
-1835	148075.0	15159.0
-1834	148019.0	15089.0
-1833	148069.0	15121.0
-1832	148403.0	15142.0
-1831	148074.0	15049.0
-1830	147968.0	15039.0
-1829	148551.0	15143.0
-1828	148546.0	15169.0
-1827	148507.0	15135.0
-1826	148645.0	14862.0
-1825	148672.0	15068.0
-1824	148158.0	15014.0
-1823	148358.0	15093.0
-1822	148272.0	15170.0
-1821	149217.0	15118.0
-1820	148456.0	14874.0
-1819	148821.0	15141.0
-1818	148391.0	14974.0
-1817	148716.0	14907.0
-1816	148596.0	15080.0
-1815	148316.0	15094.0
-1814	149200.0	15063.0
-1813	148520.0	14885.0
-1812	148957.0	15062.0
-1811	148853.0	14976.0
-1810	148760.0	14951.0
-1809	148668.0	15115.0
-1808	148640.0	15084.0
-1807	148800.0	15052.0
-1806	148867.0	15218.0
-1805	148938.0	15027.0
-1804	148826.0	15201.0
-1803	149065.0	15084.0
-1802	148933.0	15277.0
-1801	149006.0	15127.0
-1800	149175.0	15105.0
-1799	149076.0	15169.0
-1798	149507.0	14977.0
-1797	149105.0	15086.0
-1796	149254.0	15237.0
-1795	149244.0	15175.0
-1794	149356.0	14946.0
-1793	149615.0	15145.0
-1792	149825.0	15061.0
-1791	149352.0	15105.0
-1790	149600.0	15172.0
-1789	149435.0	15210.0
-1788	149363.0	15201.0
-1787	149391.0	15240.0
-1786	148580.0	15108.0
-1785	149051.0	15222.0
-1784	149096.0	15157.0
-1783	149100.0	15251.0
-1782	149598.0	15354.0
-1781	149821.0	15106.0
-1780	149681.0	15046.0
-1779	149145.0	15246.0
-1778	149800.0	15152.0
-1777	149618.0	15191.0
-1776	149545.0	15285.0
-1775	149893.0	15083.0
-1774	149785.0	15103.0
-1773	149578.0	15240.0
-1772	149495.0	15122.0
-1771	149835.0	15180.0
-1770	149510.0	15107.0
-1769	149991.0	15176.0
-1768	149863.0	15127.0
-1767	150081.0	15204.0
-1766	150425.0	15375.0
-1765	150409.0	15158.0
-1764	150162.0	15320.0
-1763	150026.0	15376.0
-1762	149643.0	15257.0
-1761	150152.0	15216.0
-1760	150228.0	15286.0
-1759	150139.0	15324.0
-1758	150630.0	15349.0
-1757	150094.0	15272.0
-1756	150603.0	15276.0
-1755	150773.0	15283.0
-1754	150667.0	15367.0
-1753	150290.0	15210.0
-1752	150874.0	15111.0
-1751	150574.0	15201.0
-1750	150846.0	15168.0
-1749	150755.0	15216.0
-1748	150624.0	15355.0
-1747	150342.0	15175.0
-1746	150371.0	15155.0
-1745	150157.0	15277.0
-1744	150171.0	15208.0
-1743	150254.0	15322.0
-1742	150696.0	15312.0
-1741	150318.0	15148.0
-1740	151226.0	15307.0
-1739	150939.0	15176.0
-1738	150627.0	15147.0
-1737	151010.0	15337.0
-1736	150999.0	15409.0
-1735	151512.0	15083.0
-1734	151085.0	15201.0
-1733	151070.0	15223.0
-1732	150638.0	15329.0
-1731	150677.0	15117.0
-1730	150745.0	15172.0
-1729	151112.0	15105.0
-1728	150986.0	15241.0
-1727	150805.0	15318.0
-1726	151296.0	15233.0
-1725	151999.0	15306.0
-1724	150778.0	15425.0
-1723	151590.0	15390.0
-1722	150925.0	15383.0
-1721	151622.0	15282.0
-1720	151294.0	15344.0
-1719	151681.0	15105.0
-1718	151960.0	15160.0
-1717	151848.0	15328.0
-1716	152132.0	15161.0
-1715	151968.0	15329.0
-1714	151614.0	15377.0
-1713	151662.0	15367.0
-1712	151709.0	15342.0
-1711	151509.0	15194.0
-1710	152132.0	15388.0
-1709	151589.0	15403.0
-1708	152003.0	15321.0
-1707	151971.0	15273.0
-1706	151984.0	15239.0
-1705	152314.0	15393.0
-1704	152099.0	15546.0
-1703	152297.0	15349.0
-1702	152883.0	15320.0
-1701	152850.0	15272.0
-1700	152484.0	15167.0
-1699	152599.0	15211.0
-1698	152970.0	15233.0
-1697	153048.0	15301.0
-1696	153177.0	15014.0
-1695	152641.0	15323.0
-1694	153566.0	15315.0
-1693	153929.0	15250.0
-1692	153164.0	15113.0
-1691	153744.0	15362.0
-1690	153736.0	15263.0
-1689	153135.0	15360.0
-1688	153553.0	15456.0
-1687	153466.0	15489.0
-1686	153568.0	15337.0
-1685	153609.0	15420.0
-1684	154080.0	15402.0
-1683	154396.0	15513.0
-1682	153931.0	15247.0
-1681	154033.0	15419.0
-1680	154137.0	15469.0
-1679	154286.0	15384.0
-1678	154428.0	15358.0
-1677	154488.0	15303.0
-1676	154636.0	15267.0
-1675	154684.0	15429.0
-1674	154276.0	15401.0
-1673	154665.0	15460.0
-1672	155072.0	15317.0
-1671	155362.0	15414.0
-1670	154562.0	15296.0
-1669	154841.0	15292.0
-1668	154926.0	15119.0
-1667	154993.0	15370.0
-1666	155495.0	15257.0
-1665	154626.0	15330.0
-1664	155205.0	15320.0
-1663	154966.0	15075.0
-1662	155071.0	15246.0
-1661	155231.0	15435.0
-1660	155168.0	15361.0
-1659	154915.0	15502.0
-1658	155811.0	15368.0
-1657	155164.0	15347.0
-1656	155820.0	15311.0
-1655	155602.0	15294.0
-1654	155956.0	15278.0
-1653	155567.0	15326.0
-1652	156251.0	15366.0
-1651	155913.0	15332.0
-1650	156238.0	15292.0
-1649	156204.0	15349.0
-1648	155824.0	15248.0
-1647	156182.0	15229.0
-1646	156255.0	15220.0
-1645	156611.0	15321.0
-1644	156765.0	15302.0
-1643	156290.0	15205.0
-1642	156179.0	15314.0
-1641	155952.0	15165.0
-1640	156253.0	15146.0
-1639	156504.0	15281.0
-1638	156043.0	15108.0
-1637	156618.0	15169.0
-1636	156323.0	15217.0
-1635	156538.0	15261.0
-1634	156629.0	15419.0
-1633	156660.0	15342.0
-1632	156525.0	15359.0
-1631	156645.0	15356.0
-1630	156656.0	15259.0
-1629	156990.0	15253.0
-1628	156893.0	15202.0
-1627	156995.0	15260.0
-1626	156752.0	15347.0
-1625	157272.0	15283.0
-1624	157076.0	15288.0
-1623	157622.0	15338.0
-1622	157178.0	15297.0
-1621	157678.0	15474.0
-1620	157582.0	15396.0
-1619	157370.0	15523.0
-1618	157118.0	15425.0
-1617	157193.0	15495.0
-1616	157008.0	15603.0
-1615	157600.0	15542.0
-1614	157362.0	15458.0
-1613	157256.0	15586.0
-1612	157444.0	15599.0
-1611	157603.0	15559.0
-1610	157490.0	15438.0
-1609	157312.0	15557.0
-1608	156961.0	15483.0
-1607	157320.0	15503.0
-1606	157366.0	15399.0
-1605	157737.0	15555.0
-1604	157635.0	15596.0
-1603	158039.0	15527.0
-1602	157698.0	15638.0
-1601	157851.0	15427.0
-1600	157425.0	15669.0
-1599	158020.0	15414.0
-1598	157984.0	15532.0
-1597	158188.0	15555.0
-1596	158062.0	15552.0
-1595	157818.0	15649.0
-1594	158017.0	15425.0
-1593	158286.0	15377.0
-1592	158740.0	15587.0
-1591	158394.0	15464.0
-1590	158449.0	15458.0
-1589	158621.0	15414.0
-1588	158421.0	15534.0
-1587	158508.0	15479.0
-1586	158063.0	15600.0
-1585	158207.0	15583.0
-1584	158335.0	15560.0
-1583	158657.0	15399.0
-1582	158534.0	15497.0
-1581	158895.0	15459.0
-1580	158854.0	15632.0
-1579	158595.0	15484.0
-1578	158918.0	15615.0
-1577	159021.0	15420.0
-1576	159031.0	15507.0
-1575	159065.0	15557.0
-1574	158735.0	15483.0
-1573	159222.0	15505.0
-1572	159253.0	15350.0
-1571	159263.0	15468.0
-1570	159010.0	15458.0
-1569	159013.0	15620.0
-1568	159269.0	15564.0
-1567	159267.0	15544.0
-1566	159595.0	15499.0
-1565	159646.0	15590.0
-1564	159669.0	15647.0
-1563	159859.0	15466.0
-1562	159774.0	15546.0
-1561	159053.0	15462.0
-1560	159346.0	15461.0
-1559	159445.0	15373.0
-1558	159765.0	15403.0
-1557	159779.0	15462.0
-1556	159598.0	15531.0
-1555	160266.0	15556.0
-1554	159476.0	15548.0
-1553	160456.0	15625.0
-1552	160481.0	15571.0
-1551	160380.0	15601.0
-1550	160562.0	15640.0
-1549	160154.0	15706.0
-1548	160179.0	15590.0
-1547	160564.0	15580.0
-1546	161001.0	15471.0
-1545	160952.0	15563.0
-1544	160489.0	15664.0
-1543	160555.0	15644.0
-1542	160843.0	15598.0
-1541	160455.0	15634.0
-1540	160418.0	15645.0
-1539	160464.0	15594.0
-1538	160645.0	15506.0
-1537	160705.0	15538.0
-1536	160680.0	15532.0
-1535	160733.0	15543.0
-1534	161213.0	15463.0
-1533	161171.0	15740.0
-1532	160978.0	15537.0
-1531	161187.0	15599.0
-1530	162012.0	15580.0
-1529	161552.0	15579.0
-1528	161441.0	15812.0
-1527	161380.0	15578.0
-1526	161714.0	15663.0
-1525	161662.0	15647.0
-1524	162129.0	15673.0
-1523	161750.0	15613.0
-1522	161938.0	15770.0
-1521	161458.0	15699.0
-1520	162004.0	15666.0
-1519	162571.0	15678.0
-1518	162449.0	15692.0
-1517	161945.0	15497.0
-1516	162390.0	15667.0
-1515	162402.0	15617.0
-1514	162529.0	15615.0
-1513	162643.0	15641.0
-1512	162396.0	15587.0
-1511	161987.0	15414.0
-1510	162736.0	15748.0
-1509	163164.0	15590.0
-1508	162491.0	15533.0
-1507	163345.0	15617.0
-1506	162681.0	15669.0
-1505	162507.0	15735.0
-1504	162745.0	15563.0
-1503	163309.0	15735.0
-1502	163184.0	15571.0
-1501	163207.0	15637.0
-1500	163187.0	15526.0
-1499	163024.0	15601.0
-1498	163236.0	15675.0
-1497	162445.0	15555.0
-1496	162782.0	15404.0
-1495	163866.0	15577.0
-1494	163552.0	15557.0
-1493	163309.0	15617.0
-1492	163705.0	15699.0
-1491	163830.0	15691.0
-1490	163581.0	15862.0
-1489	162985.0	15612.0
-1488	163698.0	15788.0
-1487	164259.0	15630.0
-1486	163710.0	15606.0
-1485	163528.0	15650.0
-1484	163741.0	15691.0
-1483	163866.0	15534.0
-1482	163754.0	15697.0
-1481	163713.0	15701.0
-1480	164008.0	15647.0
-1479	164255.0	15689.0
-1478	164173.0	15435.0
-1477	163878.0	15748.0
-1476	164500.0	15588.0
-1475	164014.0	15628.0
-1474	163537.0	15679.0
-1473	164431.0	15694.0
-1472	164346.0	15601.0
-1471	164589.0	15573.0
-1470	164289.0	15614.0
-1469	164290.0	15423.0
-1468	164291.0	15861.0
-1467	165009.0	15609.0
-1466	164351.0	15614.0
-1465	164893.0	15639.0
-1464	164846.0	15704.0
-1463	164523.0	15851.0
-1462	164591.0	15818.0
-1461	164738.0	15605.0
-1460	164722.0	15621.0
-1459	165294.0	15689.0
-1458	164955.0	15690.0
-1457	165345.0	15613.0
-1456	165345.0	15593.0
-1455	165376.0	15713.0
-1454	165072.0	15526.0
-1453	164702.0	15702.0
-1452	164436.0	15580.0
-1451	165409.0	15739.0
-1450	165016.0	15789.0
-1449	165545.0	15672.0
-1448	165432.0	15520.0
-1447	165286.0	15614.0
-1446	164968.0	15555.0
-1445	165559.0	15844.0
-1444	165501.0	15711.0
-1443	165693.0	15580.0
-1442	166157.0	15757.0
-1441	165552.0	15745.0
-1440	165950.0	15597.0
-1439	165999.0	15738.0
-1438	166647.0	15651.0
-1437	166138.0	15476.0
-1436	165967.0	15529.0
-1435	166205.0	15529.0
-1434	166465.0	15672.0
-1433	166393.0	15815.0
-1432	165759.0	15878.0
-1431	166136.0	15635.0
-1430	165974.0	15734.0
-1429	166037.0	15897.0
-1428	166368.0	15787.0
-1427	166497.0	15683.0
-1426	166519.0	15725.0
-1425	166752.0	15644.0
-1424	166502.0	15735.0
-1423	166625.0	15542.0
-1422	166681.0	15770.0
-1421	166890.0	15860.0
-1420	167079.0	15648.0
-1419	167576.0	15577.0
-1418	167203.0	15673.0
-1417	167524.0	15757.0
-1416	167540.0	15678.0
-1415	167825.0	16011.0
-1414	167729.0	15766.0
-1413	167197.0	15825.0
-1412	167726.0	15900.0
-1411	167678.0	15867.0
-1410	167601.0	15794.0
-1409	167445.0	15838.0
-1408	167556.0	15860.0
-1407	168138.0	15669.0
-1406	168189.0	15906.0
-1405	168232.0	15975.0
-1404	168442.0	15717.0
-1403	168356.0	15742.0
-1402	168735.0	15657.0
-1401	167872.0	15670.0
-1400	169108.0	15638.0
-1399	168967.0	15682.0
-1398	169135.0	15563.0
-1397	168962.0	15672.0
-1396	169160.0	15798.0
-1395	169028.0	15774.0
-1394	169091.0	15830.0
-1393	169150.0	15795.0
-1392	169266.0	15758.0
-1391	168985.0	15694.0
-1390	168862.0	15705.0
-1389	169457.0	15608.0
-1388	169367.0	15764.0
-1387	169337.0	15541.0
-1386	169657.0	15755.0
-1385	169339.0	15780.0
-1384	170016.0	15784.0
-1383	169070.0	15740.0
-1382	169867.0	15627.0
-1381	169667.0	15557.0
-1380	170104.0	15636.0
-1379	170025.0	15637.0
-1378	170298.0	15533.0
-1377	170031.0	15578.0
-1376	170169.0	15617.0
-1375	170752.0	15553.0
-1374	170357.0	15534.0
-1373	170200.0	15674.0
-1372	170120.0	15618.0
-1371	170252.0	15444.0
-1370	170645.0	15573.0
-1369	170873.0	15612.0
-1368	170739.0	15551.0
-1367	170773.0	15599.0
-1366	171224.0	15633.0
-1365	171442.0	15684.0
-1364	170788.0	15550.0
-1363	171541.0	15597.0
-1362	171099.0	15673.0
-1361	172005.0	15795.0
-1360	171595.0	15615.0
-1359	171377.0	15706.0
-1358	171836.0	15598.0
-1357	171743.0	15557.0
-1356	172061.0	15605.0
-1355	172096.0	15474.0
-1354	172044.0	15508.0
-1353	172612.0	15494.0
-1352	172586.0	15540.0
-1351	172738.0	15429.0
-1350	172462.0	15499.0
-1349	172545.0	15664.0
-1348	172247.0	15605.0
-1347	173220.0	15634.0
-1346	172784.0	15617.0
-1345	173022.0	15450.0
-1344	172805.0	15468.0
-1343	173261.0	15474.0
-1342	173226.0	15466.0
-1341	173067.0	15597.0
-1340	173540.0	15534.0
-1339	173307.0	15292.0
-1338	173023.0	15221.0
-1337	173352.0	15333.0
-1336	173979.0	15289.0
-1335	173620.0	15360.0
-1334	174213.0	15254.0
-1333	174592.0	15359.0
-1332	173992.0	15397.0
-1331	174471.0	15326.0
-1330	174415.0	15397.0
-1329	174298.0	15248.0
-1328	174489.0	15276.0
-1327	174637.0	15441.0
-1326	174192.0	15505.0
-1325	174685.0	15611.0
-1324	174977.0	15584.0
-1323	175313.0	15628.0
-1322	174771.0	15633.0
-1321	175088.0	15436.0
-1320	175399.0	15485.0
-1319	175307.0	15368.0
-1318	175012.0	15602.0
-1317	175165.0	15485.0
-1316	174999.0	15397.0
-1315	175653.0	15368.0
-1314	175471.0	15194.0
-1313	175419.0	15514.0
-1312	175674.0	15400.0
-1311	176058.0	15390.0
-1310	175518.0	15495.0
-1309	175730.0	15548.0
-1308	175703.0	15584.0
-1307	176321.0	15372.0
-1306	176113.0	15335.0
-1305	176672.0	15413.0
-1304	176807.0	15554.0
-1303	177007.0	15425.0
-1302	177050.0	15445.0
-1301	177569.0	15461.0
-1300	176198.0	15592.0
-1299	177142.0	15325.0
-1298	177203.0	15504.0
-1297	177502.0	15387.0
-1296	177170.0	15192.0
-1295	177924.0	15427.0
-1294	177652.0	15567.0
-1293	177583.0	15453.0
-1292	177643.0	15445.0
-1291	177317.0	15313.0
-1290	177974.0	15310.0
-1289	177763.0	15453.0
-1288	177723.0	15456.0
-1287	178156.0	15482.0
-1286	177811.0	15417.0
-1285	177670.0	15412.0
-1284	177932.0	15651.0
-1283	178085.0	15463.0
-1282	178004.0	15521.0
-1281	178571.0	15781.0
-1280	178928.0	15452.0
-1279	178994.0	15381.0
-1278	178811.0	15428.0
-1277	179098.0	15607.0
-1276	178861.0	15633.0
-1275	178670.0	15584.0
-1274	179311.0	15548.0
-1273	179493.0	15487.0
-1272	179631.0	15491.0
-1271	179864.0	15498.0
-1270	180775.0	15471.0
-1269	180321.0	15321.0
-1268	179802.0	15341.0
-1267	179940.0	15217.0
-1266	179844.0	15432.0
-1265	180368.0	15417.0
-1264	180110.0	15261.0
-1263	180319.0	15366.0
-1262	180540.0	15353.0
-1261	180799.0	15233.0
-1260	180640.0	15276.0
-1259	181414.0	15242.0
-1258	180988.0	15324.0
-1257	181812.0	15271.0
-1256	181203.0	15031.0
-1255	181118.0	15206.0
-1254	181062.0	15257.0
-1253	181633.0	15210.0
-1252	181108.0	15354.0
-1251	181938.0	15191.0
-1250	182327.0	15286.0
-1249	182301.0	15192.0
-1248	182027.0	15231.0
-1247	182090.0	15185.0
-1246	182346.0	15255.0
-1245	183386.0	15316.0
-1244	182817.0	15257.0
-1243	182910.0	15318.0
-1242	182837.0	15300.0
-1241	183487.0	15247.0
-1240	182591.0	15221.0
-1239	183160.0	15346.0
-1238	183416.0	15234.0
-1237	183590.0	15215.0
-1236	183519.0	15198.0
-1235	183326.0	15297.0
-1234	183923.0	15149.0
-1233	183726.0	15259.0
-1232	184431.0	15393.0
-1231	184274.0	15196.0
-1230	183976.0	15209.0
-1229	184330.0	15285.0
-1228	184798.0	15254.0
-1227	184663.0	15252.0
-1226	185273.0	15394.0
-1225	184712.0	15328.0
-1224	184934.0	15166.0
-1223	185019.0	15447.0
-1222	185115.0	15064.0
-1221	185483.0	15355.0
-1220	185979.0	15049.0
-1219	185816.0	15095.0
-1218	185717.0	15264.0
-1217	185682.0	15293.0
-1216	185865.0	15142.0
-1215	186551.0	15143.0
-1214	186231.0	15192.0
-1213	186298.0	15112.0
-1212	186483.0	15014.0
-1211	186872.0	15244.0
-1210	186563.0	15038.0
-1209	186928.0	15282.0
-1208	186836.0	15116.0
-1207	186955.0	15106.0
-1206	186729.0	15133.0
-1205	187040.0	15209.0
-1204	186758.0	15173.0
-1203	187299.0	15067.0
-1202	186991.0	15247.0
-1201	187303.0	15141.0
-1200	187309.0	15267.0
-1199	187672.0	15260.0
-1198	187760.0	15082.0
-1197	187534.0	15310.0
-1196	187607.0	15101.0
-1195	188070.0	15147.0
-1194	188538.0	15027.0
-1193	188392.0	15230.0
-1192	188572.0	15116.0
-1191	188367.0	15205.0
-1190	188675.0	15092.0
-1189	188268.0	15204.0
-1188	188803.0	15169.0
-1187	188905.0	15271.0
-1186	188778.0	15140.0
-1185	188991.0	15114.0
-1184	189102.0	14976.0
-1183	188996.0	15030.0
-1182	189567.0	14991.0
-1181	189247.0	15029.0
-1180	189619.0	15027.0
-1179	189713.0	15085.0
-1178	189307.0	15033.0
-1177	189718.0	15130.0
-1176	189602.0	14959.0
-1175	189696.0	15089.0
-1174	189823.0	15088.0
-1173	189492.0	15106.0
-1172	189515.0	15096.0
-1171	189107.0	15050.0
-1170	189013.0	15063.0
-1169	189922.0	15086.0
-1168	189872.0	15168.0
-1167	189748.0	15128.0
-1166	190209.0	15025.0
-1165	189879.0	14889.0
-1164	190663.0	15011.0
-1163	190208.0	15114.0
-1162	189961.0	15095.0
-1161	190458.0	14933.0
-1160	190353.0	14992.0
-1159	191004.0	15116.0
-1158	191096.0	15074.0
-1157	191312.0	15067.0
-1156	191039.0	14929.0
-1155	190781.0	15023.0
-1154	191099.0	15126.0
-1153	190326.0	14926.0
-1152	190011.0	15164.0
-1151	190558.0	15161.0
-1150	190438.0	14827.0
-1149	190482.0	15118.0
-1148	190356.0	15114.0
-1147	190660.0	14886.0
-1146	190262.0	14907.0
-1145	190106.0	15075.0
-1144	190755.0	15022.0
-1143	190565.0	15005.0
-1142	190598.0	14815.0
-1141	190279.0	14816.0
-1140	190696.0	14921.0
-1139	190143.0	14810.0
-1138	190596.0	14759.0
-1137	190839.0	14789.0
-1136	190958.0	14732.0
-1135	191056.0	14881.0
-1134	190961.0	14734.0
-1133	190363.0	14847.0
-1132	190243.0	14976.0
-1131	190374.0	14737.0
-1130	190597.0	15016.0
-1129	190527.0	14891.0
-1128	190564.0	15018.0
-1127	189817.0	14894.0
-1126	190570.0	14918.0
-1125	190800.0	14971.0
-1124	190364.0	14973.0
-1123	190596.0	14973.0
-1122	190351.0	14987.0
-1121	190080.0	14897.0
-1120	190530.0	14627.0
-1119	190798.0	14736.0
-1118	190579.0	14875.0
-1117	191153.0	14799.0
-1116	190316.0	14822.0
-1115	191046.0	14751.0
-1114	190865.0	14949.0
-1113	191149.0	14788.0
-1112	190494.0	14672.0
-1111	190613.0	14805.0
-1110	190626.0	14826.0
-1109	190829.0	14787.0
-1108	190306.0	14798.0
-1107	190774.0	14859.0
-1106	190396.0	14929.0
-1105	190401.0	14751.0
-1104	190703.0	14788.0
-1103	190306.0	14733.0
-1102	190209.0	14835.0
-1101	190523.0	14805.0
-1100	190331.0	14713.0
-1099	190021.0	14736.0
-1098	190766.0	14623.0
-1097	190270.0	14768.0
-1096	190228.0	14612.0
-1095	189963.0	14774.0
-1094	190346.0	14882.0
-1093	190650.0	14881.0
-1092	190643.0	14774.0
-1091	190590.0	14810.0
-1090	190461.0	14708.0
-1089	189971.0	14731.0
-1088	190205.0	14818.0
-1087	190472.0	14672.0
-1086	190409.0	14782.0
-1085	190512.0	14495.0
-1084	190316.0	14799.0
-1083	190172.0	14853.0
-1082	191001.0	14948.0
-1081	190675.0	14929.0
-1080	189962.0	14768.0
-1079	189800.0	14745.0
-1078	189761.0	14765.0
-1077	190219.0	14969.0
-1076	190034.0	14839.0
-1075	190206.0	14703.0
-1074	190079.0	14764.0
-1073	190222.0	14738.0
-1072	190322.0	14683.0
-1071	190564.0	14611.0
-1070	190596.0	14640.0
-1069	190581.0	14598.0
-1068	190256.0	14731.0
-1067	190425.0	14583.0
-1066	190424.0	14672.0
-1065	190469.0	14519.0
-1064	190130.0	14518.0
-1063	191212.0	14618.0
-1062	190160.0	14602.0
-1061	190689.0	14680.0
-1060	190767.0	14680.0
-1059	190846.0	14642.0
-1058	190552.0	14776.0
-1057	190547.0	14878.0
-1056	190712.0	14718.0
-1055	190696.0	14707.0
-1054	190780.0	14616.0
-1053	190632.0	14657.0
-1052	190621.0	14589.0
-1051	191367.0	14720.0
-1050	190990.0	14457.0
-1049	191297.0	14526.0
-1048	191060.0	14639.0
-1047	191538.0	14423.0
-1046	191211.0	14555.0
-1045	191411.0	14473.0
-1044	191711.0	14663.0
-1043	191535.0	14607.0
-1042	191908.0	14765.0
-1041	190827.0	14698.0
-1040	190974.0	14483.0
-1039	191646.0	14664.0
-1038	191496.0	14547.0
-1037	191595.0	14693.0
-1036	191448.0	14637.0
-1035	191139.0	14658.0
-1034	191013.0	14560.0
-1033	190926.0	14605.0
-1032	191149.0	14603.0
-1031	191846.0	14745.0
-1030	191055.0	14688.0
-1029	192094.0	14578.0
-1028	191304.0	14503.0
-1027	191810.0	14441.0
-1026	191892.0	14753.0
-1025	191905.0	14519.0
-1024	191501.0	14678.0
-1023	192042.0	14640.0
-1022	191685.0	14660.0
-1021	191988.0	14748.0
-1020	191529.0	14621.0
-1019	192191.0	14699.0
-1018	192097.0	14733.0
-1017	191758.0	14734.0
-1016	192000.0	14685.0
-1015	192462.0	14687.0
-1014	192197.0	14531.0
-1013	192680.0	14631.0
-1012	192575.0	14619.0
-1011	192936.0	14704.0
-1010	192614.0	14468.0
-1009	192773.0	14708.0
-1008	193115.0	14668.0
-1007	193171.0	14723.0
-1006	193079.0	14743.0
-1005	193013.0	14622.0
-1004	192561.0	14594.0
-1003	193442.0	14479.0
-1002	193107.0	14551.0
-1001	192961.0	14609.0
-1000	192860.0	14593.0
-999	192834.0	14677.0
-998	193293.0	14544.0
-997	193489.0	14498.0
-996	193845.0	14486.0
-995	193919.0	14631.0
-994	194025.0	14571.0
-993	193622.0	14487.0
-992	194046.0	14461.0
-991	193939.0	14532.0
-990	193580.0	14690.0
-989	194691.0	14631.0
-988	194342.0	14623.0
-987	194279.0	14564.0
-986	194412.0	14588.0
-985	194426.0	14578.0
-984	194552.0	14422.0
-983	194598.0	14677.0
-982	194907.0	14612.0
-981	195120.0	14546.0
-980	194924.0	14653.0
-979	194794.0	14552.0
-978	195194.0	14521.0
-977	195342.0	14622.0
-976	195217.0	14466.0
-975	195417.0	14437.0
-974	195363.0	14399.0
-973	195204.0	14492.0
-972	195188.0	14502.0
-971	195906.0	14553.0
-970	195692.0	14418.0
-969	195840.0	14311.0
-968	195890.0	14336.0
-967	196933.0	14392.0
-966	196167.0	14272.0
-965	196139.0	14317.0
-964	196431.0	14385.0
-963	195867.0	14299.0
-962	196696.0	14324.0
-961	196117.0	14349.0
-960	197088.0	14261.0
-959	196277.0	14341.0
-958	197017.0	14589.0
-957	196762.0	14367.0
-956	196618.0	14260.0
-955	197015.0	14335.0
-954	197483.0	14359.0
-953	197528.0	14353.0
-952	197276.0	14314.0
-951	197502.0	14415.0
-950	197883.0	14304.0
-949	197733.0	14368.0
-948	197898.0	14574.0
-947	198044.0	14529.0
-946	198046.0	14322.0
-945	198005.0	14323.0
-944	198297.0	14440.0
-943	198521.0	14344.0
-942	197780.0	14334.0
-941	198529.0	14619.0
-940	198522.0	14229.0
-939	198470.0	14324.0
-938	198606.0	14394.0
-937	198511.0	14382.0
-936	198660.0	14329.0
-935	198944.0	14170.0
-934	199346.0	14182.0
-933	199156.0	14266.0
-932	199689.0	14187.0
-931	200324.0	14062.0
-930	200033.0	14261.0
-929	199987.0	14135.0
-928	200390.0	14397.0
-927	200017.0	14252.0
-926	199758.0	14238.0
-925	199959.0	14345.0
-924	200287.0	14310.0
-923	200394.0	14323.0
-922	200724.0	14349.0
-921	200864.0	14282.0
-920	200772.0	14248.0
-919	201161.0	14185.0
-918	201033.0	14272.0
-917	200950.0	14250.0
-916	201287.0	14437.0
-915	201301.0	14316.0
-914	201421.0	14292.0
-913	201733.0	14068.0
-912	201658.0	14175.0
-911	201569.0	14169.0
-910	201782.0	14117.0
-909	201791.0	14256.0
-908	201822.0	14361.0
-907	202107.0	14150.0
-906	201916.0	14271.0
-905	202089.0	14265.0
-904	201858.0	14212.0
-903	202246.0	14156.0
-902	202023.0	14259.0
-901	202424.0	14207.0
-900	202187.0	14161.0
-899	202443.0	14093.0
-898	201911.0	14055.0
-897	202790.0	14293.0
-896	202821.0	14139.0
-895	202716.0	14193.0
-894	203299.0	14051.0
-893	202845.0	13981.0
-892	203446.0	14188.0
-891	203165.0	14227.0
-890	203414.0	14200.0
-889	203276.0	14174.0
-888	202932.0	14222.0
-887	203655.0	14128.0
-886	203861.0	14226.0
-885	203930.0	14137.0
-884	204013.0	14082.0
-883	204167.0	14160.0
-882	203884.0	14049.0
-881	204570.0	14283.0
-880	203502.0	14005.0
-879	204516.0	14253.0
-878	204173.0	14037.0
-877	204494.0	14255.0
-876	204869.0	14177.0
-875	204769.0	14096.0
-874	204663.0	14062.0
-873	205064.0	14147.0
-872	204789.0	14349.0
-871	204799.0	14252.0
-870	205239.0	14380.0
-869	204385.0	14137.0
-868	204590.0	14162.0
-867	204595.0	14090.0
-866	205055.0	14166.0
-865	204830.0	14138.0
-864	205212.0	14142.0
-863	205421.0	14206.0
-862	205902.0	13997.0
-861	205850.0	14092.0
-860	206050.0	14013.0
-859	206017.0	14018.0
-858	206264.0	14069.0
-857	206213.0	13824.0
-856	205621.0	14111.0
-855	205793.0	14080.0
-854	205718.0	14009.0
-853	206360.0	13960.0
-852	206454.0	14074.0
-851	206561.0	14059.0
-850	206251.0	14062.0
-849	207072.0	14046.0
-848	206793.0	13959.0
-847	206948.0	14094.0
-846	207259.0	13948.0
-845	206806.0	14145.0
-844	206901.0	13956.0
-843	207057.0	13981.0
-842	207156.0	14003.0
-841	207542.0	13836.0
-840	207266.0	13951.0
-839	207144.0	13944.0
-838	207379.0	13913.0
-837	207357.0	13871.0
-836	207921.0	13931.0
-835	207301.0	14049.0
-834	207908.0	13936.0
-833	207620.0	13876.0
-832	207481.0	13916.0
-831	208253.0	14062.0
-830	208579.0	14095.0
-829	208469.0	14052.0
-828	208937.0	14010.0
-827	208177.0	13999.0
-826	208302.0	13904.0
-825	208755.0	13990.0
-824	208169.0	13951.0
-823	208261.0	13970.0
-822	209081.0	14015.0
-821	209467.0	13830.0
-820	209434.0	13845.0
-819	208814.0	13876.0
-818	209011.0	13974.0
-817	209150.0	13989.0
-816	209123.0	14084.0
-815	209573.0	13840.0
-814	209508.0	13819.0
-813	209830.0	14092.0
-812	209656.0	13832.0
-811	209264.0	13818.0
-810	209716.0	13737.0
-809	210045.0	13856.0
-808	209190.0	13820.0
-807	209781.0	13888.0
-806	210418.0	13719.0
-805	210162.0	13743.0
-804	210127.0	13838.0
-803	210527.0	13957.0
-802	210117.0	13685.0
-801	210714.0	13776.0
-800	210516.0	13652.0
-799	210297.0	13908.0
-798	210221.0	13920.0
-797	210537.0	13683.0
-796	210906.0	13822.0
-795	211511.0	13701.0
-794	211037.0	13838.0
-793	211334.0	13831.0
-792	211647.0	13811.0
-791	211924.0	13747.0
-790	212090.0	13650.0
-789	212327.0	13824.0
-788	212090.0	13618.0
-787	211692.0	13830.0
-786	211960.0	13700.0
-785	212543.0	13616.0
-784	212529.0	13552.0
-783	212571.0	13661.0
-782	212356.0	13426.0
-781	213024.0	13572.0
-780	212927.0	13599.0
-779	213347.0	13440.0
-778	212530.0	13442.0
-777	213589.0	13445.0
-776	213258.0	13418.0
-775	213346.0	13565.0
-774	213303.0	13639.0
-773	213335.0	13714.0
-772	213434.0	13708.0
-771	214143.0	13583.0
-770	213465.0	13557.0
-769	213878.0	13664.0
-768	214031.0	13273.0
-767	213980.0	13523.0
-766	214318.0	13354.0
-765	214776.0	13492.0
-764	214888.0	13651.0
-763	214310.0	13597.0
-762	215777.0	13362.0
-761	215299.0	13607.0
-760	214836.0	13435.0
-759	214980.0	13526.0
-758	215222.0	13375.0
-757	215488.0	13615.0
-756	215431.0	13400.0
-755	215390.0	13528.0
-754	215883.0	13470.0
-753	215834.0	13556.0
-752	215419.0	13359.0
-751	215325.0	13355.0
-750	215917.0	13179.0
-749	215844.0	13403.0
-748	216180.0	13260.0
-747	216038.0	13286.0
-746	216435.0	13297.0
-745	216314.0	13438.0
-744	216704.0	13440.0
-743	216360.0	13298.0
-742	216820.0	13293.0
-741	216752.0	13318.0
-740	216278.0	13346.0
-739	217099.0	13335.0
-738	217241.0	13284.0
-737	217455.0	13419.0
-736	216923.0	13389.0
-735	217160.0	13107.0
-734	217426.0	13162.0
-733	217686.0	13197.0
-732	218362.0	13120.0
-731	217702.0	13137.0
-730	217591.0	13199.0
-729	218372.0	13113.0
-728	218288.0	13079.0
-727	218118.0	13176.0
-726	218090.0	13005.0
-725	218382.0	13044.0
-724	218744.0	12930.0
-723	218509.0	13026.0
-722	218552.0	12922.0
-721	218370.0	13118.0
-720	218979.0	13013.0
-719	218819.0	13067.0
-718	219755.0	13088.0
-717	219313.0	12992.0
-716	219217.0	13122.0
-715	219722.0	13190.0
-714	219739.0	13036.0
-713	220273.0	12967.0
-712	219611.0	12980.0
-711	220112.0	12958.0
-710	219666.0	12993.0
-709	220353.0	12916.0
-708	220389.0	12904.0
-707	220752.0	12956.0
-706	220009.0	12947.0
-705	220663.0	12964.0
-704	220670.0	12997.0
-703	221018.0	13010.0
-702	220990.0	12866.0
-701	220552.0	12954.0
-700	221423.0	13044.0
-699	221221.0	12923.0
-698	222022.0	13010.0
-697	221774.0	13002.0
-696	221736.0	13006.0
-695	221626.0	12851.0
-694	222183.0	12941.0
-693	221653.0	12857.0
-692	222295.0	12986.0
-691	222184.0	13050.0
-690	222539.0	12935.0
-689	222631.0	12878.0
-688	222708.0	12798.0
-687	222970.0	12870.0
-686	223136.0	13136.0
-685	223324.0	12904.0
-684	222570.0	12941.0
-683	223732.0	12942.0
-682	223726.0	12951.0
-681	223744.0	12941.0
-680	223674.0	12850.0
-679	224155.0	12773.0
-678	223938.0	13109.0
-677	223892.0	12852.0
-676	223870.0	12952.0
-675	224401.0	12776.0
-674	224474.0	12755.0
-673	223938.0	12609.0
-672	224730.0	12824.0
-671	224292.0	12827.0
-670	224883.0	12617.0
-669	225030.0	12846.0
-668	225292.0	12688.0
-667	225292.0	12780.0
-666	225163.0	12641.0
-665	225917.0	12808.0
-664	226385.0	12869.0
-663	226164.0	12788.0
-662	226451.0	12895.0
-661	225685.0	12676.0
-660	226127.0	12523.0
-659	225968.0	12754.0
-658	226612.0	12688.0
-657	226655.0	12822.0
-656	227263.0	12807.0
-655	226458.0	12721.0
-654	227166.0	12742.0
-653	227063.0	12568.0
-652	226974.0	12747.0
-651	228050.0	12725.0
-650	227295.0	12701.0
-649	227444.0	12567.0
-648	228162.0	12528.0
-647	227820.0	12541.0
-646	228061.0	12613.0
-645	227810.0	12680.0
-644	228413.0	12436.0
-643	228170.0	12473.0
-642	228429.0	12551.0
-641	228552.0	12658.0
-640	229229.0	12474.0
-639	228248.0	12586.0
-638	228787.0	12510.0
-637	228704.0	12428.0
-636	229270.0	12531.0
-635	228670.0	12556.0
-634	229231.0	12553.0
-633	229163.0	12608.0
-632	228831.0	12621.0
-631	229905.0	12606.0
-630	229154.0	12521.0
-629	228870.0	12473.0
-628	229674.0	12492.0
-627	229799.0	12365.0
-626	230246.0	12455.0
-625	229920.0	12546.0
-624	229799.0	12431.0
-623	230295.0	12572.0
-622	229941.0	12489.0
-621	230898.0	12543.0
-620	230847.0	12524.0
-619	230365.0	12470.0
-618	230851.0	12467.0
-617	230576.0	12424.0
-616	230667.0	12559.0
-615	230988.0	12380.0
-614	231082.0	12451.0
-613	231336.0	12566.0
-612	231018.0	12523.0
-611	231623.0	12382.0
-610	231675.0	12472.0
-609	232274.0	12405.0
-608	232064.0	12459.0
-607	231909.0	12479.0
-606	231688.0	12437.0
-605	232207.0	12428.0
-604	232252.0	12519.0
-603	232705.0	12284.0
-602	232309.0	12221.0
-601	232251.0	12299.0
-600	232624.0	12500.0
-599	232598.0	12502.0
-598	232445.0	12273.0
-597	232698.0	12280.0
-596	232440.0	12388.0
-595	232700.0	12357.0
-594	233172.0	12288.0
-593	233489.0	12132.0
-592	233619.0	12135.0
-591	232674.0	12149.0
-590	233157.0	12268.0
-589	233175.0	12235.0
-588	233146.0	12200.0
-587	233866.0	12212.0
-586	233137.0	12218.0
-585	233516.0	12266.0
-584	233801.0	12280.0
-583	233900.0	12235.0
-582	233971.0	12263.0
-581	233899.0	12299.0
-580	234546.0	12057.0
-579	234195.0	12346.0
-578	233789.0	12220.0
-577	234380.0	12314.0
-576	234336.0	12199.0
-575	234434.0	12204.0
-574	234632.0	12072.0
-573	234426.0	11935.0
-572	234194.0	12077.0
-571	234949.0	12053.0
-570	234881.0	12147.0
-569	235258.0	12095.0
-568	235269.0	12109.0
-567	235332.0	12080.0
-566	235000.0	12207.0
-565	235252.0	12085.0
-564	235670.0	12044.0
-563	235529.0	11996.0
-562	235749.0	12185.0
-561	235811.0	12067.0
-560	236123.0	11977.0
-559	236139.0	11850.0
-558	236478.0	11949.0
-557	236352.0	12117.0
-556	236617.0	12049.0
-555	236591.0	11902.0
-554	236489.0	12126.0
-553	237008.0	12025.0
-552	236938.0	12143.0
-551	237203.0	12007.0
-550	237352.0	11804.0
-549	238068.0	11842.0
-548	237968.0	12004.0
-547	237412.0	11984.0
-546	237784.0	11934.0
-545	237923.0	11816.0
-544	238423.0	11871.0
-543	238362.0	11848.0
-542	238058.0	11867.0
-541	238883.0	11873.0
-540	239223.0	11854.0
-539	238942.0	11929.0
-538	239364.0	11811.0
-537	239177.0	11974.0
-536	239544.0	11862.0
-535	239021.0	11833.0
-534	239386.0	11887.0
-533	239732.0	11902.0
-532	239762.0	11860.0
-531	240742.0	11853.0
-530	240419.0	11837.0
-529	240647.0	11743.0
-528	240958.0	11766.0
-527	241004.0	11718.0
-526	240769.0	11794.0
-525	240956.0	11706.0
-524	240422.0	11641.0
-523	241331.0	11673.0
-522	242029.0	11815.0
-521	241191.0	11846.0
-520	242015.0	11753.0
-519	242056.0	11699.0
-518	242591.0	11741.0
-517	242448.0	11835.0
-516	242767.0	11627.0
-515	242480.0	11738.0
-514	242426.0	11722.0
-513	243337.0	11682.0
-512	243008.0	11647.0
-511	243457.0	11534.0
-510	243489.0	11540.0
-509	243435.0	11712.0
-508	244018.0	11656.0
-507	244204.0	11619.0
-506	244206.0	11509.0
-505	244317.0	11627.0
-504	244974.0	11824.0
-503	244736.0	11665.0
-502	245201.0	11688.0
-501	244671.0	11594.0
-500	245505.0	11766.0
-499	245498.0	11695.0
-498	245470.0	11748.0
-497	244691.0	11679.0
-496	245242.0	11794.0
-495	245374.0	11652.0
-494	245912.0	11759.0
-493	245992.0	11802.0
-492	245713.0	11610.0
-491	246724.0	11609.0
-490	247002.0	11626.0
-489	246893.0	11578.0
-488	247287.0	11616.0
-487	246330.0	11645.0
-486	247029.0	11544.0
-485	247118.0	11494.0
-484	247601.0	11376.0
-483	247113.0	11569.0
-482	247847.0	11480.0
-481	247558.0	11546.0
-480	247248.0	11541.0
-479	247960.0	11602.0
-478	248143.0	11487.0
-477	248353.0	11699.0
-476	248271.0	11612.0
-475	248820.0	11518.0
-474	248225.0	11625.0
-473	248544.0	11615.0
-472	248374.0	11569.0
-471	248867.0	11361.0
-470	248827.0	11628.0
-469	249333.0	11382.0
-468	249559.0	11425.0
-467	249955.0	11281.0
-466	249592.0	11210.0
-465	250008.0	11317.0
-464	250592.0	11260.0
-463	250696.0	11434.0
-462	251094.0	11466.0
-461	250259.0	11446.0
-460	251324.0	11476.0
-459	250772.0	11621.0
-458	251984.0	11381.0
-457	251198.0	11597.0
-456	251393.0	11365.0
-455	251167.0	11372.0
-454	251611.0	11405.0
-453	251614.0	11442.0
-452	251138.0	11427.0
-451	251938.0	11383.0
-450	251741.0	11477.0
-449	252151.0	11217.0
-448	252090.0	11290.0
-447	253016.0	11235.0
-446	252907.0	11292.0
-445	252613.0	11418.0
-444	252992.0	11297.0
-443	252299.0	11258.0
-442	253682.0	11155.0
-441	253268.0	11168.0
-440	253153.0	11118.0
-439	254309.0	11133.0
-438	254112.0	11213.0
-437	253821.0	11317.0
-436	253783.0	11218.0
-435	254476.0	11183.0
-434	255116.0	11035.0
-433	253555.0	11158.0
-432	254701.0	11245.0
-431	254396.0	11130.0
-430	254353.0	11267.0
-429	254787.0	11090.0
-428	255143.0	11301.0
-427	254842.0	11068.0
-426	255375.0	11130.0
-425	255059.0	11186.0
-424	254970.0	10913.0
-423	255480.0	10831.0
-422	255431.0	10996.0
-421	255570.0	11031.0
-420	255886.0	10864.0
-419	255509.0	11032.0
-418	255985.0	10995.0
-417	256314.0	10993.0
-416	256468.0	10963.0
-415	256764.0	10869.0
-414	256751.0	10937.0
-413	256930.0	10880.0
-412	257570.0	10956.0
-411	257278.0	10911.0
-410	257433.0	10886.0
-409	257200.0	11004.0
-408	257112.0	10770.0
-407	257572.0	10781.0
-406	257967.0	10818.0
-405	257983.0	10821.0
-404	258333.0	10793.0
-403	257855.0	10755.0
-402	259033.0	10951.0
-401	257865.0	10879.0
-400	258939.0	10649.0
-399	258540.0	10801.0
-398	259699.0	10675.0
-397	258848.0	10757.0
-396	259986.0	10742.0
-395	259288.0	10713.0
-394	259907.0	10736.0
-393	260226.0	10683.0
-392	260475.0	10703.0
-391	259179.0	10578.0
-390	260101.0	10660.0
-389	260662.0	10620.0
-388	260218.0	10717.0
-387	260618.0	10738.0
-386	261626.0	10652.0
-385	261701.0	10679.0
-384	262143.0	10539.0
-383	262015.0	10589.0
-382	261996.0	10666.0
-381	262027.0	10598.0
-380	261992.0	10624.0
-379	262196.0	10477.0
-378	262390.0	10692.0
-377	262226.0	10573.0
-376	262301.0	10564.0
-375	262615.0	10558.0
-374	263242.0	10630.0
-373	262972.0	10436.0
-372	263895.0	10525.0
-371	264098.0	10517.0
-370	263165.0	10500.0
-369	264413.0	10600.0
-368	264246.0	10649.0
-367	264152.0	10542.0
-366	263326.0	10536.0
-365	265007.0	10523.0
-364	264938.0	10357.0
-363	265646.0	10470.0
-362	265457.0	10634.0
-361	265372.0	10487.0
-360	266116.0	10474.0
-359	265037.0	10464.0
-358	266228.0	10470.0
-357	265756.0	10508.0
-356	266625.0	10441.0
-355	266978.0	10501.0
-354	266741.0	10596.0
-353	267120.0	10439.0
-352	267108.0	10298.0
-351	266938.0	10299.0
-350	267892.0	10572.0
-349	267992.0	10320.0
-348	268285.0	10290.0
-347	269101.0	10190.0
-346	269024.0	10292.0
-345	268932.0	10288.0
-344	269618.0	10115.0
-343	269319.0	10294.0
-342	270950.0	10139.0
-341	269679.0	10235.0
-340	270628.0	10220.0
-339	270968.0	10224.0
-338	270593.0	10261.0
-337	270397.0	10306.0
-336	270602.0	10333.0
-335	270524.0	10279.0
-334	271175.0	10459.0
-333	271584.0	10282.0
-332	272006.0	10131.0
-331	271745.0	10362.0
-330	272273.0	10296.0
-329	272400.0	10387.0
-328	273105.0	10396.0
-327	273095.0	10421.0
-326	272646.0	10332.0
-325	273587.0	10355.0
-324	273629.0	10389.0
-323	273563.0	10181.0
-322	273878.0	10319.0
-321	274118.0	10242.0
-320	274321.0	10297.0
-319	274009.0	10332.0
-318	274849.0	10360.0
-317	274721.0	10389.0
-316	274190.0	10310.0
-315	274654.0	10250.0
-314	275720.0	10388.0
-313	275757.0	10198.0
-312	276123.0	10275.0
-311	276432.0	10069.0
-310	276145.0	10203.0
-309	276835.0	10274.0
-308	276407.0	10197.0
-307	276913.0	10311.0
-306	277163.0	10179.0
-305	276779.0	10156.0
-304	278165.0	10154.0
-303	278104.0	10238.0
-302	277575.0	10195.0
-301	278231.0	10205.0
-300	278514.0	10144.0
-299	278352.0	10318.0
-298	278929.0	10071.0
-297	279641.0	10159.0
-296	279517.0	10227.0
-295	279118.0	10202.0
-294	279215.0	10254.0
-293	279331.0	10197.0
-292	279575.0	10131.0
-291	279358.0	10133.0
-290	280144.0	9944.0
-289	279771.0	10041.0
-288	279701.0	10264.0
-287	279989.0	10018.0
-286	280571.0	10182.0
-285	280763.0	10072.0
-284	281644.0	10077.0
-283	281807.0	10078.0
-282	281598.0	10232.0
-281	281325.0	10197.0
-280	281376.0	9969.0
-279	281673.0	10085.0
-278	281838.0	10132.0
-277	282302.0	10104.0
-276	282338.0	10137.0
-275	282013.0	10091.0
-274	282341.0	10108.0
-273	283338.0	9909.0
-272	283622.0	10073.0
-271	283874.0	10025.0
-270	284277.0	10141.0
-269	283910.0	9967.0
-268	285030.0	9942.0
-267	284810.0	10101.0
-266	285116.0	10060.0
-265	284817.0	10082.0
-264	285581.0	9943.0
-263	285777.0	9959.0
-262	285961.0	9949.0
-261	286297.0	10101.0
-260	285694.0	10134.0
-259	286665.0	10172.0
-258	285999.0	9974.0
-257	285954.0	10067.0
-256	286688.0	9991.0
-255	286987.0	9982.0
-254	286934.0	9978.0
-253	287623.0	9921.0
-252	287269.0	9991.0
-251	287433.0	9925.0
-250	287679.0	9922.0
-249	288176.0	9978.0
-248	288599.0	9901.0
-247	288532.0	10086.0
-246	288548.0	9805.0
-245	288476.0	9921.0
-244	288793.0	9897.0
-243	289165.0	9916.0
-242	290136.0	9844.0
-241	289783.0	9950.0
-240	289597.0	10048.0
-239	290155.0	9903.0
-238	289462.0	9980.0
-237	290786.0	9935.0
-236	290796.0	9909.0
-235	291408.0	9842.0
-234	291804.0	9879.0
-233	291491.0	9911.0
-232	291633.0	10027.0
-231	292200.0	9820.0
-230	291696.0	9824.0
-229	291079.0	9794.0
-228	291973.0	9725.0
-227	291707.0	9876.0
-226	293014.0	9916.0
-225	292878.0	10016.0
-224	292966.0	9980.0
-223	293080.0	9883.0
-222	293450.0	9951.0
-221	294050.0	9679.0
-220	293618.0	9741.0
-219	294163.0	9635.0
-218	294370.0	9729.0
-217	294250.0	9879.0
-216	294642.0	9782.0
-215	295179.0	9874.0
-214	295243.0	9827.0
-213	295141.0	9842.0
-212	295200.0	9655.0
-211	296124.0	9893.0
-210	296032.0	9590.0
-209	296361.0	9747.0
-208	297071.0	9698.0
-207	297061.0	9676.0
-206	297253.0	9669.0
-205	297816.0	9776.0
-204	297830.0	9855.0
-203	298094.0	9818.0
-202	298627.0	9782.0
-201	298912.0	9725.0
-200	299018.0	9714.0
-199	299160.0	9892.0
-198	298745.0	9746.0
-197	299752.0	9852.0
-196	300108.0	9724.0
-195	300924.0	9834.0
-194	300635.0	9747.0
-193	301103.0	9790.0
-192	301674.0	9898.0
-191	301815.0	9851.0
-190	302517.0	9782.0
-189	302393.0	9843.0
-188	303174.0	9602.0
-187	303243.0	9598.0
-186	303783.0	9794.0
-185	303749.0	9611.0
-184	303999.0	9781.0
-183	304037.0	9762.0
-182	304680.0	9743.0
-181	305569.0	9669.0
-180	305264.0	9666.0
-179	305377.0	9644.0
-178	306217.0	9683.0
-177	306929.0	9746.0
-176	307132.0	9733.0
-175	306991.0	9748.0
-174	307848.0	9710.0
-173	308440.0	9805.0
-172	308665.0	9670.0
-171	309222.0	9740.0
-170	309291.0	9792.0
-169	309575.0	9753.0
-168	311047.0	9698.0
-167	310896.0	9826.0
-166	311467.0	9849.0
-165	310760.0	9806.0
-164	311946.0	9780.0
-163	312947.0	9718.0
-162	312955.0	9712.0
-161	313594.0	9755.0
-160	314279.0	9750.0
-159	315360.0	9839.0
-158	315933.0	9883.0
-157	316530.0	9613.0
-156	317169.0	9722.0
-155	317227.0	9802.0
-154	317760.0	9805.0
-153	318040.0	9859.0
-152	318304.0	9842.0
-151	318614.0	9866.0
-150	319594.0	9685.0
-149	319738.0	9923.0
-148	320964.0	9803.0
-147	321450.0	9787.0
-146	321247.0	9790.0
-145	322527.0	9886.0
-144	323383.0	9789.0
-143	324219.0	9838.0
-142	325521.0	9882.0
-141	325682.0	9818.0
-140	326330.0	9783.0
-139	326663.0	9773.0
-138	328068.0	9821.0
-137	329178.0	9868.0
-136	330103.0	9828.0
-135	330691.0	9838.0
-134	331489.0	9890.0
-133	331623.0	9816.0
-132	332650.0	9780.0
-131	333510.0	9850.0
-130	335368.0	9750.0
-129	335757.0	9768.0
-128	336675.0	9672.0
-127	336963.0	9723.0
-126	338563.0	9942.0
-125	339349.0	9994.0
-124	340082.0	9938.0
-123	340581.0	9965.0
-122	341868.0	9930.0
-121	343579.0	9919.0
-120	344892.0	10010.0
-119	345505.0	9927.0
-118	346564.0	9992.0
-117	348512.0	10137.0
-116	348661.0	9931.0
-115	350475.0	10098.0
-114	351686.0	10063.0
-113	352293.0	9976.0
-112	353777.0	10022.0
-111	355017.0	9956.0
-110	355555.0	10057.0
-109	356970.0	9985.0
-108	358225.0	10141.0
-107	359376.0	10127.0
-106	360519.0	10157.0
-105	363358.0	10052.0
-104	363257.0	10109.0
-103	364684.0	10028.0
-102	365939.0	10173.0
-101	367355.0	10247.0
-100	368760.0	10230.0
-99	369965.0	10071.0
-98	371262.0	10294.0
-97	372582.0	10213.0
-96	374931.0	10417.0
-95	375996.0	10248.0
-94	377757.0	10272.0
-93	379606.0	10452.0
-92	380895.0	10333.0
-91	382963.0	10418.0
-90	385155.0	10405.0
-89	386858.0	10363.0
-88	389602.0	10352.0
-87	392062.0	10455.0
-86	394188.0	10454.0
-85	396678.0	10500.0
-84	399788.0	10564.0
-83	400992.0	10625.0
-82	402915.0	10689.0
-81	404880.0	10734.0
-80	405691.0	10669.0
-79	406598.0	10698.0
-78	408130.0	10872.0
-77	410491.0	10655.0
-76	410003.0	10703.0
-75	420945.0	10888.0
-74	413848.0	10870.0
-73	417216.0	10817.0
-72	421646.0	10949.0
-71	423659.0	11118.0
-70	421895.0	11074.0
-69	423514.0	11050.0
-68	421750.0	11236.0
-67	425577.0	11135.0
-66	427962.0	11120.0
-65	441193.0	11292.0
-64	443889.0	11266.0
-63	437738.0	11419.0
-62	437946.0	11440.0
-61	439688.0	11352.0
-60	446148.0	11486.0
-59	447438.0	11470.0
-58	449554.0	11618.0
-57	450300.0	11591.0
-56	451362.0	11641.0
-55	455227.0	11715.0
-54	459393.0	11702.0
-53	460710.0	11745.0
-52	462806.0	11830.0
-51	465337.0	11863.0
-50	468072.0	11882.0
-49	470521.0	11825.0
-48	473777.0	12036.0
-47	474692.0	11986.0
-46	477407.0	12101.0
-45	479632.0	12151.0
-44	480807.0	12137.0
-43	482746.0	12328.0
-42	486684.0	12264.0
-41	487097.0	12285.0
-40	489890.0	12420.0
-39	491519.0	12489.0
-38	492201.0	12440.0
-37	494224.0	12601.0
-36	497539.0	12698.0
-35	499239.0	12620.0
-34	501185.0	12509.0
-33	503373.0	12672.0
-32	505702.0	12697.0
-31	507142.0	12629.0
-30	509735.0	12747.0
-29	510201.0	12818.0
-28	512662.0	12952.0
-27	515360.0	12996.0
-26	516981.0	12899.0
-25	520215.0	13044.0
-24	522418.0	13019.0
-23	524818.0	13352.0
-22	527058.0	13217.0
-21	530484.0	13380.0
-20	532525.0	13279.0
-19	534267.0	13292.0
-18	537719.0	13297.0
-17	538254.0	13515.0
-16	541781.0	13464.0
-15	542235.0	13662.0
-14	545223.0	13789.0
-13	545169.0	13888.0
-12	550856.0	13822.0
-11	553135.0	13965.0
-10	560085.0	14097.0
-9	553014.0	14252.0
-8	559841.0	14234.0
-7	565816.0	14227.0
-6	569619.0	14516.0
-5	574508.0	14644.0
-4	579281.0	14692.0
-3	583105.0	14999.0
-2	612533.0	15002.0
-1	623146.0	15165.0
0	374043.0	15290.0
1	766373.0	14931.0
2	725072.0	15022.0
3	696961.0	15046.0
4	686359.0	14975.0
5	696700.0	14864.0
6	681462.0	14648.0
7	687784.0	14746.0
8	669005.0	14815.0
9	660494.0	15035.0
10	665512.0	15781.0
11	656988.0	15922.0
12	651926.0	15717.0
13	646661.0	15574.0
14	643437.0	15288.0
15	641508.0	15713.0
16	637789.0	15747.0
17	637743.0	15599.0
18	636315.0	15523.0
19	633994.0	15344.0
20	629440.0	15398.0
21	627517.0	15411.0
22	625316.0	15435.0
23	622655.0	15374.0
24	621084.0	15518.0
25	617586.0	15507.0
26	614026.0	15087.0
27	611280.0	15536.0
28	607885.0	15652.0
29	606921.0	15315.0
30	605262.0	15485.0
31	601481.0	15267.0
32	598890.0	15108.0
33	598074.0	15178.0
34	595787.0	15136.0
35	593598.0	15185.0
36	591930.0	15127.0
37	588668.0	15065.0
38	586416.0	15125.0
39	584435.0	15144.0
40	583387.0	15122.0
41	580469.0	15213.0
42	578412.0	15159.0
43	575667.0	15189.0
44	572308.0	15119.0
45	572174.0	15238.0
46	568714.0	15184.0
47	566287.0	15153.0
48	565509.0	15144.0
49	561529.0	15105.0
50	559923.0	14950.0
51	557863.0	15136.0
52	555074.0	15019.0
53	554360.0	15155.0
54	553444.0	15034.0
55	547693.0	15030.0
56	542320.0	15058.0
57	543389.0	15147.0
58	543968.0	15152.0
59	543771.0	14897.0
60	540973.0	15060.0
61	529208.0	15074.0
62	528847.0	14676.0
63	528505.0	14909.0
64	540275.0	14838.0
65	536399.0	15043.0
66	517225.0	14560.0
67	513867.0	14599.0
68	511035.0	14988.0
69	512807.0	14775.0
70	511294.0	14781.0
71	513986.0	14434.0
72	512489.0	14393.0
73	505163.0	14979.0
74	502146.0	15189.0
75	510146.0	18661.0
76	497176.0	15027.0
77	498229.0	14523.0
78	496831.0	13777.0
79	494032.0	13515.0
80	494363.0	13953.0
81	493363.0	13717.0
82	490744.0	13985.0
83	488564.0	13650.0
84	486043.0	13477.0
85	483104.0	13840.0
86	479229.0	13667.0
87	477173.0	13370.0
88	473922.0	13312.0
89	471539.0	13201.0
90	469121.0	13020.0
91	466711.0	12880.0
92	465104.0	12972.0
93	463658.0	13064.0
94	460437.0	12923.0
95	458784.0	13051.0
96	457286.0	12988.0
97	455890.0	12951.0
98	452846.0	12951.0
99	451903.0	12735.0
100	450508.0	12714.0
101	448404.0	12766.0
102	447080.0	12780.0
103	445549.0	12775.0
104	443177.0	12618.0
105	442894.0	12512.0
106	440838.0	12493.0
107	439737.0	12392.0
108	438882.0	12434.0
109	436046.0	12324.0
110	435025.0	12427.0
111	433598.0	12297.0
112	432172.0	12285.0
113	430209.0	12201.0
114	429668.0	12095.0
115	427990.0	12171.0
116	425598.0	12322.0
117	425371.0	12002.0
118	424158.0	12088.0
119	422220.0	11765.0
120	421463.0	11804.0
121	418810.0	11870.0
122	417760.0	11884.0
123	417483.0	11654.0
124	415330.0	11632.0
125	413566.0	11621.0
126	413039.0	11664.0
127	411881.0	11387.0
128	410790.0	11651.0
129	409677.0	11461.0
130	408902.0	11384.0
131	406702.0	11069.0
132	406270.0	11391.0
133	404729.0	11435.0
134	402961.0	11306.0
135	402968.0	11449.0
136	401419.0	10928.0
137	400789.0	11113.0
138	398856.0	11135.0
139	397951.0	11531.0
140	397579.0	11330.0
141	396614.0	10924.0
142	394171.0	10940.0
143	393668.0	10695.0
144	392596.0	10880.0
145	391632.0	10894.0
146	391696.0	11025.0
147	390421.0	10746.0
148	389622.0	10668.0
149	389604.0	10718.0
150	387748.0	10979.0
151	386412.0	10527.0
152	385472.0	10499.0
153	385604.0	10493.0
154	384367.0	10415.0
155	384021.0	10536.0
156	382331.0	10690.0
157	382105.0	10549.0
158	380932.0	10499.0
159	379697.0	10347.0
160	380129.0	10234.0
161	378829.0	10340.0
162	377815.0	10305.0
163	376240.0	10177.0
164	376558.0	10383.0
165	376436.0	10243.0
166	374294.0	10090.0
167	374249.0	10041.0
168	373728.0	10070.0
169	372623.0	9977.0
170	373040.0	10020.0
171	372041.0	9975.0
172	371541.0	10130.0
173	371111.0	10021.0
174	371358.0	9984.0
175	369866.0	9990.0
176	369160.0	9924.0
177	368941.0	9859.0
178	367869.0	9983.0
179	367905.0	9948.0
180	367587.0	9811.0
181	366534.0	9891.0
182	366171.0	9824.0
183	365671.0	9725.0
184	366103.0	9681.0
185	364012.0	9765.0
186	364394.0	9746.0
187	364259.0	9723.0
188	363426.0	9668.0
189	363035.0	9520.0
190	361929.0	9632.0
191	361634.0	9498.0
192	361363.0	9490.0
193	361668.0	9671.0
194	360523.0	9642.0
195	361767.0	9705.0
196	360053.0	9477.0
197	359526.0	9729.0
198	359858.0	9428.0
199	359466.0	9522.0
200	358738.0	9452.0
201	357544.0	9438.0
202	358188.0	9510.0
203	357616.0	9423.0
204	357003.0	9472.0
205	357200.0	9439.0
206	356104.0	9374.0
207	355599.0	9356.0
208	355314.0	9351.0
209	354871.0	9484.0
210	354272.0	9364.0
211	354832.0	9394.0
212	354451.0	9384.0
213	353988.0	9314.0
214	354105.0	9408.0
215	352347.0	9301.0
216	352785.0	9337.0
217	352218.0	9342.0
218	351864.0	9324.0
219	351083.0	9180.0
220	351315.0	9373.0
221	351118.0	9361.0
222	350959.0	9363.0
223	350541.0	9330.0
224	349907.0	9292.0
225	351032.0	9244.0
226	350333.0	9160.0
227	349355.0	9053.0
228	349664.0	9288.0
229	348700.0	9191.0
230	347819.0	9155.0
231	348227.0	9194.0
232	348346.0	9129.0
233	348208.0	9298.0
234	347977.0	9121.0
235	347295.0	9127.0
236	347344.0	9099.0
237	346393.0	9058.0
238	347460.0	9064.0
239	346559.0	9183.0
240	345967.0	9174.0
241	346511.0	9149.0
242	345815.0	9109.0
243	345875.0	9064.0
244	346106.0	9143.0
245	345636.0	9056.0
246	345007.0	9003.0
247	344932.0	9347.0
248	344560.0	9113.0
249	344263.0	9149.0
250	343534.0	9229.0
251	343721.0	8986.0
252	342895.0	9115.0
253	342563.0	9070.0
254	343094.0	9113.0
255	342814.0	8976.0
256	341799.0	9192.0
257	342453.0	9145.0
258	342211.0	9290.0
259	340803.0	9153.0
260	340535.0	9048.0
261	341442.0	8972.0
262	340813.0	9085.0
263	341192.0	9036.0
264	340363.0	8969.0
265	339841.0	8992.0
266	340168.0	9151.0
267	339512.0	9107.0
268	339356.0	9053.0
269	338618.0	9034.0
270	339467.0	9046.0
271	338752.0	9104.0
272	339300.0	8985.0
273	338771.0	8956.0
274	337359.0	9033.0
275	337237.0	9029.0
276	337192.0	9040.0
277	336786.0	9056.0
278	337199.0	9008.0
279	336701.0	9042.0
280	336508.0	8958.0
281	336963.0	9217.0
282	335314.0	9145.0
283	335916.0	9149.0
284	335398.0	9034.0
285	335051.0	9049.0
286	335284.0	8886.0
287	334170.0	8941.0
288	334704.0	9187.0
289	333773.0	9047.0
290	333664.0	9050.0
291	333564.0	9077.0
292	332874.0	9108.0
293	332528.0	9001.0
294	332111.0	8975.0
295	332058.0	8988.0
296	331375.0	9003.0
297	331600.0	8839.0
298	331119.0	9000.0
299	331102.0	8888.0
300	330664.0	8849.0
301	329503.0	8919.0
302	329750.0	8781.0
303	329875.0	8722.0
304	330184.0	8951.0
305	328841.0	8821.0
306	329350.0	8924.0
307	328840.0	8881.0
308	328699.0	8797.0
309	327857.0	8930.0
310	328126.0	8867.0
311	327628.0	8983.0
312	327690.0	8933.0
313	327259.0	8919.0
314	326904.0	8871.0
315	326821.0	8862.0
316	327171.0	8855.0
317	325683.0	8771.0
318	326064.0	8955.0
319	325778.0	8941.0
320	325524.0	8886.0
321	325157.0	8898.0
322	325346.0	8965.0
323	325220.0	8972.0
324	325650.0	8925.0
325	325334.0	8865.0
326	324747.0	8891.0
327	324398.0	8904.0
328	324486.0	8923.0
329	323550.0	8793.0
330	323223.0	8875.0
331	323201.0	8855.0
332	322775.0	8792.0
333	322998.0	8804.0
334	322538.0	8923.0
335	322928.0	8857.0
336	322166.0	8980.0
337	322309.0	8904.0
338	321521.0	8924.0
339	321635.0	8795.0
340	320613.0	8658.0
341	320909.0	8778.0
342	321626.0	8576.0
343	320485.0	8728.0
344	320231.0	8711.0
345	320144.0	8765.0
346	320264.0	8636.0
347	319921.0	8742.0
348	320646.0	8741.0
349	319613.0	8701.0
350	318875.0	8531.0
351	319045.0	8747.0
352	318740.0	8700.0
353	318581.0	8561.0
354	318557.0	8702.0
355	317441.0	8681.0
356	317619.0	8557.0
357	317185.0	8641.0
358	317553.0	8668.0
359	317359.0	8598.0
360	316238.0	8660.0
361	316415.0	8634.0
362	316178.0	8689.0
363	315331.0	8531.0
364	315572.0	8585.0
365	315555.0	8605.0
366	315464.0	8660.0
367	314857.0	8579.0
368	314017.0	8537.0
369	313586.0	8592.0
370	314655.0	8624.0
371	314213.0	8674.0
372	314011.0	8538.0
373	313460.0	8511.0
374	312668.0	8467.0
375	312346.0	8714.0
376	312603.0	8501.0
377	312522.0	8627.0
378	311900.0	8722.0
379	312087.0	8731.0
380	312304.0	8533.0
381	311992.0	8640.0
382	312057.0	8707.0
383	311613.0	8666.0
384	310847.0	8701.0
385	310383.0	8740.0
386	310485.0	8593.0
387	310806.0	8566.0
388	310964.0	8591.0
389	310067.0	8504.0
390	310381.0	8664.0
391	309761.0	8583.0
392	310016.0	8553.0
393	309800.0	8739.0
394	309331.0	8568.0
395	309087.0	8642.0
396	309502.0	8537.0
397	308236.0	8668.0
398	308396.0	8594.0
399	308170.0	8585.0
400	308009.0	8570.0
401	307114.0	8675.0
402	308202.0	8568.0
403	307570.0	8666.0
404	307138.0	8558.0
405	305908.0	8519.0
406	305983.0	8561.0
407	305778.0	8522.0
408	305477.0	8531.0
409	305634.0	8590.0
410	305896.0	8636.0
411	305610.0	8643.0
412	305539.0	8535.0
413	305179.0	8537.0
414	305025.0	8631.0
415	305062.0	8578.0
416	304306.0	8554.0
417	304151.0	8633.0
418	304590.0	8410.0
419	303727.0	8476.0
420	304330.0	8474.0
421	303299.0	8501.0
422	303476.0	8489.0
423	302563.0	8413.0
424	303069.0	8375.0
425	302571.0	8352.0
426	302512.0	8531.0
427	302702.0	8688.0
428	302796.0	8653.0
429	302286.0	8571.0
430	302931.0	8448.0
431	302908.0	8497.0
432	302067.0	8584.0
433	301752.0	8496.0
434	301637.0	8484.0
435	301305.0	8459.0
436	301605.0	8682.0
437	301813.0	8566.0
438	300929.0	8560.0
439	300969.0	8604.0
440	300794.0	8526.0
441	301044.0	8519.0
442	300782.0	8519.0
443	300409.0	8606.0
444	300754.0	8476.0
445	300326.0	8683.0
446	300131.0	8438.0
447	299879.0	8356.0
448	299642.0	8544.0
449	299249.0	8567.0
450	299749.0	8521.0
451	300696.0	8589.0
452	300333.0	8584.0
453	299963.0	8556.0
454	299700.0	8602.0
455	299263.0	8586.0
456	298825.0	8650.0
457	298954.0	8555.0
458	298504.0	8583.0
459	298390.0	8544.0
460	298495.0	8497.0
461	297548.0	8590.0
462	297478.0	8560.0
463	297812.0	8650.0
464	296980.0	8588.0
465	297221.0	8703.0
466	296850.0	8540.0
467	296843.0	8587.0
468	296710.0	8595.0
469	296137.0	8718.0
470	296481.0	8630.0
471	296401.0	8577.0
472	297157.0	8620.0
473	297160.0	8494.0
474	296969.0	8659.0
475	296357.0	8726.0
476	296500.0	8627.0
477	296103.0	8642.0
478	296760.0	8569.0
479	296151.0	8567.0
480	296034.0	8648.0
481	294804.0	8513.0
482	294264.0	8652.0
483	294016.0	8481.0
484	295449.0	8601.0
485	295315.0	8618.0
486	294404.0	8712.0
487	294341.0	8549.0
488	294366.0	8588.0
489	294709.0	8562.0
490	294497.0	8498.0
491	294900.0	8530.0
492	293945.0	8497.0
493	293003.0	8433.0
494	292405.0	8426.0
495	293036.0	8465.0
496	293610.0	8517.0
497	293034.0	8522.0
498	292911.0	8507.0
499	293018.0	8604.0
500	292250.0	8456.0
501	293561.0	8726.0
502	292553.0	8599.0
503	292590.0	8511.0
504	292646.0	8417.0
505	291307.0	8489.0
506	292070.0	8523.0
507	291354.0	8668.0
508	292036.0	8591.0
509	290828.0	8620.0
510	290877.0	8752.0
511	291957.0	8404.0
512	291999.0	8618.0
513	291220.0	8532.0
514	290525.0	8380.0
515	290283.0	8563.0
516	290257.0	8634.0
517	290172.0	8507.0
518	290212.0	8519.0
519	290175.0	8695.0
520	289471.0	8525.0
521	289282.0	8531.0
522	288725.0	8612.0
523	289254.0	8715.0
524	289140.0	8581.0
525	289616.0	8645.0
526	290109.0	8631.0
527	288629.0	8580.0
528	289393.0	8597.0
529	289023.0	8638.0
530	288708.0	8555.0
531	289046.0	8672.0
532	288001.0	8502.0
533	288612.0	8529.0
534	287947.0	8526.0
535	288631.0	8641.0
536	288882.0	8574.0
537	287974.0	8704.0
538	287392.0	8469.0
539	287259.0	8610.0
540	287157.0	8780.0
541	287405.0	8638.0
542	287168.0	8725.0
543	286816.0	8710.0
544	286409.0	8621.0
545	286237.0	8597.0
546	286525.0	8695.0
547	286060.0	8611.0
548	286463.0	8671.0
549	287289.0	8521.0
550	286297.0	8684.0
551	285877.0	8610.0
552	285850.0	8447.0
553	285585.0	8521.0
554	285733.0	8620.0
555	285995.0	8633.0
556	285921.0	8545.0
557	286230.0	8645.0
558	285991.0	8678.0
559	285811.0	8674.0
560	285862.0	8722.0
561	285658.0	8597.0
562	285091.0	8496.0
563	284974.0	8582.0
564	284555.0	8663.0
565	284661.0	8760.0
566	285420.0	8617.0
567	284524.0	8645.0
568	285250.0	8599.0
569	284452.0	8751.0
570	283695.0	8470.0
571	284083.0	8520.0
572	283791.0	8690.0
573	283069.0	8688.0
574	283818.0	8752.0
575	283199.0	8692.0
576	284428.0	8605.0
577	283369.0	8665.0
578	282812.0	8684.0
579	283215.0	8640.0
580	282452.0	8520.0
581	282066.0	8660.0
582	281755.0	8723.0
583	282055.0	8468.0
584	281876.0	8453.0
585	281052.0	8697.0
586	281032.0	8402.0
587	281027.0	8497.0
588	281722.0	8443.0
589	282015.0	8430.0
590	281878.0	8477.0
591	281636.0	8640.0
592	281893.0	8547.0
593	280917.0	8575.0
594	280289.0	8611.0
595	280140.0	8502.0
596	280966.0	8511.0
597	280649.0	8546.0
598	279619.0	8607.0
599	280253.0	8665.0
600	280049.0	8635.0
601	280072.0	8661.0
602	279793.0	8614.0
603	279433.0	8545.0
604	280033.0	8578.0
605	279356.0	8540.0
606	279141.0	8595.0
607	279218.0	8583.0
608	279210.0	8553.0
609	278802.0	8645.0
610	279097.0	8494.0
611	278912.0	8601.0
612	278851.0	8598.0
613	277985.0	8473.0
614	278167.0	8599.0
615	279070.0	8675.0
616	278403.0	8572.0
617	278951.0	8540.0
618	277192.0	8578.0
619	278234.0	8615.0
620	277857.0	8490.0
621	276696.0	8607.0
622	277442.0	8448.0
623	276831.0	8330.0
624	277156.0	8553.0
625	277173.0	8516.0
626	277717.0	8528.0
627	277325.0	8513.0
628	277242.0	8645.0
629	277249.0	8602.0
630	276413.0	8428.0
631	277667.0	8509.0
632	276479.0	8629.0
633	276349.0	8487.0
634	276219.0	8494.0
635	276665.0	8667.0
636	276464.0	8602.0
637	276696.0	8526.0
638	275883.0	8524.0
639	276166.0	8569.0
640	275494.0	8623.0
641	275953.0	8649.0
642	274972.0	8540.0
643	275568.0	8475.0
644	275595.0	8676.0
645	275174.0	8732.0
646	275884.0	8785.0
647	274370.0	8558.0
648	274685.0	8526.0
649	274252.0	8546.0
650	274984.0	8582.0
651	274830.0	8486.0
652	274290.0	8610.0
653	274551.0	8766.0
654	274110.0	8701.0
655	274702.0	8693.0
656	274293.0	8651.0
657	273898.0	8695.0
658	273744.0	8742.0
659	273269.0	8705.0
660	273587.0	8652.0
661	274332.0	8622.0
662	273818.0	8623.0
663	273833.0	8679.0
664	272246.0	8578.0
665	272662.0	8678.0
666	273466.0	8582.0
667	271987.0	8721.0
668	272806.0	8581.0
669	272801.0	8614.0
670	271847.0	8658.0
671	270854.0	8669.0
672	270936.0	8716.0
673	270628.0	8604.0
674	271031.0	8705.0
675	269850.0	8729.0
676	270449.0	8521.0
677	270314.0	8664.0
678	269544.0	8742.0
679	269481.0	8848.0
680	269490.0	8738.0
681	270217.0	8808.0
682	269404.0	8829.0
683	268901.0	8685.0
684	269415.0	8932.0
685	269177.0	8736.0
686	269016.0	8742.0
687	268574.0	8613.0
688	268130.0	8830.0
689	268445.0	8836.0
690	268033.0	8836.0
691	267936.0	8739.0
692	268138.0	8775.0
693	267412.0	8573.0
694	266792.0	8815.0
695	266752.0	8695.0
696	267224.0	8782.0
697	266381.0	8719.0
698	265386.0	8770.0
699	266095.0	8710.0
700	267443.0	8875.0
701	266883.0	8883.0
702	265979.0	9034.0
703	266210.0	8833.0
704	266094.0	8760.0
705	266520.0	8880.0
706	266566.0	8704.0
707	265364.0	8792.0
708	264925.0	8900.0
709	264480.0	8867.0
710	264690.0	8869.0
711	264554.0	8889.0
712	264894.0	8693.0
713	264251.0	8772.0
714	263612.0	8772.0
715	263795.0	8688.0
716	264292.0	8738.0
717	264223.0	8690.0
718	264137.0	8759.0
719	263635.0	8790.0
720	263323.0	8916.0
721	263077.0	8856.0
722	263309.0	8753.0
723	262894.0	8804.0
724	262605.0	8796.0
725	262449.0	8772.0
726	262507.0	8871.0
727	262469.0	8798.0
728	262616.0	8789.0
729	262522.0	8760.0
730	261610.0	8780.0
731	262174.0	8803.0
732	260926.0	8754.0
733	261277.0	8795.0
734	260934.0	8721.0
735	261198.0	8800.0
736	261394.0	8707.0
737	261432.0	8683.0
738	261330.0	8883.0
739	261679.0	8688.0
740	260944.0	8785.0
741	260832.0	8812.0
742	261212.0	8757.0
743	260917.0	8679.0
744	261385.0	8749.0
745	261203.0	8616.0
746	261850.0	8719.0
747	261714.0	8802.0
748	260647.0	8737.0
749	261000.0	8842.0
750	259566.0	8614.0
751	259909.0	8688.0
752	259884.0	8808.0
753	260020.0	8646.0
754	259500.0	8773.0
755	259483.0	8921.0
756	258758.0	8721.0
757	259422.0	8759.0
758	259108.0	8657.0
759	258424.0	8732.0
760	258613.0	8572.0
761	258462.0	8862.0
762	257916.0	8802.0
763	257910.0	8711.0
764	257646.0	8651.0
765	256844.0	8822.0
766	257040.0	8744.0
767	257031.0	8675.0
768	256823.0	8867.0
769	257026.0	8823.0
770	257094.0	8839.0
771	256784.0	8850.0
772	256704.0	8795.0
773	255965.0	8951.0
774	256266.0	8876.0
775	256490.0	8878.0
776	255965.0	8819.0
777	256088.0	8871.0
778	256127.0	8859.0
779	255681.0	8758.0
780	256525.0	8707.0
781	256629.0	8746.0
782	255611.0	8824.0
783	255460.0	8751.0
784	254486.0	8743.0
785	254946.0	8658.0
786	255075.0	8734.0
787	254412.0	8586.0
788	255092.0	8680.0
789	254506.0	8697.0
790	254907.0	8822.0
791	254659.0	8830.0
792	254749.0	8787.0
793	254590.0	8835.0
794	253533.0	8931.0
795	254491.0	8767.0
796	254451.0	8854.0
797	254144.0	8724.0
798	254058.0	8713.0
799	254322.0	8791.0
800	254620.0	8873.0
801	254216.0	8735.0
802	253988.0	9004.0
803	254022.0	8841.0
804	254364.0	8874.0
805	253956.0	8851.0
806	253742.0	8827.0
807	252767.0	8851.0
808	252421.0	8909.0
809	252270.0	8810.0
810	251711.0	8904.0
811	252690.0	9017.0
812	252860.0	8891.0
813	252498.0	8833.0
814	253203.0	8770.0
815	252842.0	8719.0
816	252451.0	8992.0
817	251941.0	8814.0
818	252220.0	8863.0
819	252476.0	8943.0
820	252443.0	8907.0
821	252662.0	8853.0
822	252202.0	8882.0
823	251808.0	8878.0
824	252199.0	8785.0
825	251867.0	8839.0
826	250968.0	8909.0
827	250753.0	8736.0
828	251781.0	9084.0
829	251214.0	8888.0
830	251781.0	8804.0
831	251374.0	8919.0
832	251081.0	8879.0
833	251275.0	8875.0
834	251256.0	8844.0
835	250836.0	8923.0
836	250636.0	8775.0
837	251653.0	8809.0
838	252458.0	8773.0
839	251362.0	8905.0
840	250977.0	8825.0
841	250252.0	8748.0
842	250050.0	8737.0
843	249793.0	8734.0
844	250564.0	8670.0
845	249891.0	8726.0
846	250845.0	8822.0
847	250306.0	8844.0
848	249470.0	8670.0
849	250088.0	8696.0
850	249350.0	8832.0
851	248967.0	8864.0
852	248920.0	8839.0
853	248578.0	8945.0
854	248744.0	8975.0
855	248518.0	8879.0
856	248725.0	8704.0
857	248771.0	8818.0
858	249491.0	8876.0
859	248763.0	8811.0
860	248706.0	8810.0
861	248625.0	8820.0
862	249121.0	8728.0
863	250008.0	8651.0
864	248913.0	8904.0
865	248612.0	8738.0
866	248577.0	8757.0
867	248268.0	8737.0
868	248846.0	8830.0
869	248682.0	8659.0
870	249462.0	8709.0
871	250537.0	8633.0
872	249455.0	8604.0
873	247821.0	8792.0
874	247579.0	8679.0
875	247209.0	8807.0
876	247321.0	8779.0
877	247211.0	8740.0
878	246957.0	8797.0
879	246452.0	9020.0
880	245555.0	8715.0
881	245957.0	8787.0
882	245765.0	8864.0
883	246102.0	8904.0
884	245733.0	8790.0
885	245083.0	8717.0
886	244827.0	8792.0
887	245306.0	8843.0
888	244919.0	8936.0
889	245102.0	9107.0
890	244322.0	8940.0
891	244706.0	8822.0
892	244123.0	8895.0
893	244656.0	9014.0
894	243975.0	8904.0
895	243812.0	8955.0
896	244643.0	8921.0
897	243889.0	8913.0
898	243602.0	8875.0
899	243906.0	8692.0
900	243359.0	8763.0
901	243206.0	8836.0
902	243482.0	8854.0
903	243201.0	8846.0
904	244183.0	8786.0
905	243103.0	8940.0
906	241940.0	9054.0
907	242662.0	8912.0
908	242478.0	8776.0
909	242145.0	8851.0
910	241727.0	8826.0
911	242414.0	8649.0
912	242042.0	8818.0
913	241189.0	8932.0
914	241404.0	8851.0
915	241293.0	8849.0
916	241091.0	8882.0
917	241292.0	8753.0
918	240975.0	8879.0
919	241098.0	8895.0
920	241179.0	8922.0
921	240766.0	8889.0
922	240593.0	8851.0
923	240179.0	8856.0
924	240257.0	8924.0
925	239939.0	8950.0
926	240445.0	9075.0
927	240374.0	8952.0
928	240380.0	8879.0
929	240435.0	8801.0
930	239882.0	8708.0
931	240193.0	8841.0
932	240005.0	8966.0
933	239816.0	8803.0
934	239413.0	8813.0
935	238846.0	8916.0
936	238500.0	8741.0
937	238757.0	8773.0
938	238059.0	8931.0
939	238834.0	9071.0
940	238708.0	8938.0
941	238814.0	8756.0
942	238272.0	8866.0
943	237948.0	8885.0
944	238177.0	8937.0
945	237977.0	8921.0
946	238392.0	8833.0
947	238419.0	8763.0
948	238425.0	8828.0
949	237953.0	8820.0
950	238484.0	8636.0
951	237878.0	8844.0
952	237968.0	8930.0
953	237836.0	8734.0
954	237543.0	8750.0
955	237403.0	8772.0
956	238378.0	8777.0
957	237898.0	8748.0
958	237533.0	8673.0
959	237637.0	8716.0
960	236127.0	8908.0
961	236603.0	8699.0
962	236733.0	8787.0
963	236544.0	8761.0
964	236738.0	8593.0
965	236894.0	8677.0
966	237022.0	8788.0
967	237427.0	8725.0
968	237982.0	8679.0
969	236842.0	8660.0
970	237631.0	8689.0
971	237646.0	8680.0
972	237790.0	8843.0
973	237883.0	8767.0
974	237779.0	8727.0
975	237582.0	8750.0
976	237162.0	8692.0
977	237242.0	8923.0
978	237209.0	8776.0
979	236743.0	8658.0
980	236295.0	8781.0
981	236474.0	8724.0
982	236657.0	8824.0
983	236047.0	8670.0
984	236735.0	8802.0
985	236334.0	8833.0
986	236530.0	8711.0
987	236893.0	8665.0
988	236315.0	8571.0
989	236463.0	8722.0
990	236531.0	8655.0
991	236319.0	8740.0
992	236081.0	8639.0
993	237078.0	8605.0
994	237436.0	8666.0
995	237092.0	8816.0
996	235885.0	8687.0
997	236302.0	8718.0
998	236160.0	8672.0
999	236443.0	8794.0
1000	235003.0	8574.0
1001	235834.0	8657.0
1002	235478.0	8717.0
1003	235759.0	8645.0
1004	235977.0	8763.0
1005	235668.0	8566.0
1006	234733.0	8835.0
1007	234692.0	8792.0
1008	234531.0	8653.0
1009	235252.0	8817.0
1010	235106.0	8635.0
1011	234082.0	8636.0
1012	233854.0	8751.0
1013	233933.0	8677.0
1014	234016.0	8739.0
1015	233756.0	8780.0
1016	233072.0	8766.0
1017	233636.0	8808.0
1018	233485.0	8680.0
1019	233788.0	8666.0
1020	232853.0	8634.0
1021	233442.0	8750.0
1022	232867.0	8607.0
1023	233012.0	8644.0
1024	232921.0	8708.0
1025	233435.0	8705.0
1026	233188.0	8612.0
1027	233045.0	8644.0
1028	232604.0	8535.0
1029	232280.0	8606.0
1030	231919.0	8660.0
1031	232106.0	8743.0
1032	231921.0	8566.0
1033	232473.0	8736.0
1034	232800.0	8796.0
1035	231984.0	8466.0
1036	232038.0	8796.0
1037	232193.0	8585.0
1038	231718.0	8530.0
1039	232441.0	8682.0
1040	232416.0	8617.0
1041	231986.0	8630.0
1042	232209.0	8517.0
1043	231580.0	8568.0
1044	231719.0	8529.0
1045	231324.0	8495.0
1046	231755.0	8466.0
1047	231840.0	8569.0
1048	231401.0	8379.0
1049	231337.0	8527.0
1050	231073.0	8601.0
1051	231902.0	8609.0
1052	231365.0	8567.0
1053	231031.0	8608.0
1054	231098.0	8415.0
1055	231316.0	8613.0
1056	230568.0	8566.0
1057	231181.0	8641.0
1058	230397.0	8635.0
1059	229798.0	8580.0
1060	229423.0	8574.0
1061	230300.0	8698.0
1062	230457.0	8560.0
1063	230823.0	8727.0
1064	230016.0	8455.0
1065	230145.0	8542.0
1066	230507.0	8472.0
1067	229811.0	8519.0
1068	229532.0	8488.0
1069	228940.0	8497.0
1070	229039.0	8627.0
1071	229547.0	8538.0
1072	229538.0	8543.0
1073	229123.0	8575.0
1074	229326.0	8577.0
1075	229515.0	8417.0
1076	229296.0	8550.0
1077	228966.0	8642.0
1078	228595.0	8601.0
1079	228513.0	8618.0
1080	228825.0	8687.0
1081	228963.0	8580.0
1082	228268.0	8499.0
1083	229118.0	8505.0
1084	228039.0	8469.0
1085	228165.0	8449.0
1086	227911.0	8465.0
1087	227129.0	8483.0
1088	227224.0	8526.0
1089	226705.0	8624.0
1090	226945.0	8596.0
1091	227373.0	8559.0
1092	226471.0	8540.0
1093	225979.0	8596.0
1094	226446.0	8655.0
1095	226686.0	8557.0
1096	226315.0	8420.0
1097	225506.0	8445.0
1098	225689.0	8517.0
1099	225523.0	8609.0
1100	225883.0	8671.0
1101	226214.0	8695.0
1102	225647.0	8542.0
1103	225770.0	8645.0
1104	225783.0	8490.0
1105	225831.0	8552.0
1106	225718.0	8572.0
1107	225725.0	8581.0
1108	225639.0	8415.0
1109	225590.0	8676.0
1110	225738.0	8507.0
1111	225103.0	8435.0
1112	225952.0	8655.0
1113	225590.0	8552.0
1114	225279.0	8519.0
1115	224789.0	8486.0
1116	224916.0	8602.0
1117	224815.0	8503.0
1118	224867.0	8553.0
1119	224973.0	8398.0
1120	224914.0	8439.0
1121	225439.0	8633.0
1122	225246.0	8619.0
1123	225706.0	8688.0
1124	225237.0	8450.0
1125	225061.0	8678.0
1126	225814.0	8619.0
1127	225184.0	8555.0
1128	225232.0	8458.0
1129	224700.0	8373.0
1130	224207.0	8631.0
1131	223736.0	8474.0
1132	223812.0	8533.0
1133	223217.0	8498.0
1134	223615.0	8512.0
1135	224117.0	8641.0
1136	223993.0	8664.0
1137	223677.0	8726.0
1138	223174.0	8619.0
1139	223159.0	8559.0
1140	223023.0	8556.0
1141	223345.0	8635.0
1142	223225.0	8567.0
1143	222340.0	8463.0
1144	222816.0	8558.0
1145	222512.0	8635.0
1146	222288.0	8354.0
1147	223370.0	8453.0
1148	221676.0	8629.0
1149	222082.0	8541.0
1150	221846.0	8470.0
1151	221579.0	8536.0
1152	221300.0	8607.0
1153	221260.0	8552.0
1154	221752.0	8468.0
1155	220760.0	8521.0
1156	221171.0	8414.0
1157	221061.0	8567.0
1158	220594.0	8587.0
1159	221306.0	8627.0
1160	220320.0	8528.0
1161	220243.0	8398.0
1162	220726.0	8508.0
1163	219902.0	8422.0
1164	220124.0	8532.0
1165	219915.0	8475.0
1166	220096.0	8596.0
1167	220236.0	8332.0
1168	219600.0	8520.0
1169	219149.0	8397.0
1170	219402.0	8400.0
1171	219983.0	8512.0
1172	218971.0	8291.0
1173	219018.0	8378.0
1174	218765.0	8374.0
1175	218783.0	8418.0
1176	218326.0	8388.0
1177	217308.0	8505.0
1178	218216.0	8401.0
1179	217759.0	8354.0
1180	218435.0	8470.0
1181	217646.0	8465.0
1182	217940.0	8469.0
1183	217535.0	8450.0
1184	216718.0	8420.0
1185	216626.0	8496.0
1186	216942.0	8409.0
1187	216948.0	8207.0
1188	217145.0	8441.0
1189	216134.0	8337.0
1190	216123.0	8459.0
1191	216810.0	8287.0
1192	216515.0	8206.0
1193	215821.0	8273.0
1194	216237.0	8200.0
1195	215592.0	8532.0
1196	216310.0	8187.0
1197	216330.0	8361.0
1198	216521.0	8456.0
1199	215927.0	8263.0
1200	215416.0	8446.0
1201	215427.0	8340.0
1202	215659.0	8536.0
1203	215238.0	8345.0
1204	214973.0	8361.0
1205	214261.0	8334.0
1206	214564.0	8385.0
1207	214254.0	8358.0
1208	213901.0	8366.0
1209	214261.0	8344.0
1210	214028.0	8387.0
1211	213398.0	8191.0
1212	213890.0	8225.0
1213	213957.0	8204.0
1214	214185.0	8328.0
1215	214156.0	8371.0
1216	213455.0	8162.0
1217	213329.0	8261.0
1218	213425.0	8105.0
1219	212641.0	8206.0
1220	212896.0	8244.0
1221	213004.0	8309.0
1222	212809.0	8371.0
1223	212094.0	8181.0
1224	211945.0	8311.0
1225	212723.0	8291.0
1226	212419.0	8216.0
1227	212359.0	8261.0
1228	211569.0	8064.0
1229	211596.0	8127.0
1230	211334.0	8161.0
1231	211877.0	7978.0
1232	211348.0	8003.0
1233	211430.0	8141.0
1234	211478.0	8070.0
1235	211527.0	7985.0
1236	210545.0	7981.0
1237	211294.0	8124.0
1238	211242.0	8090.0
1239	211092.0	8106.0
1240	210744.0	8011.0
1241	210264.0	8090.0
1242	210801.0	8014.0
1243	210285.0	8002.0
1244	210322.0	7903.0
1245	210508.0	8139.0
1246	209799.0	8114.0
1247	209892.0	7924.0
1248	209611.0	8035.0
1249	210257.0	7980.0
1250	210667.0	7861.0
1251	209800.0	8057.0
1252	210485.0	8032.0
1253	209767.0	7853.0
1254	209962.0	7836.0
1255	209487.0	8090.0
1256	209158.0	8025.0
1257	209637.0	8056.0
1258	210046.0	7979.0
1259	209937.0	7843.0
1260	209365.0	7893.0
1261	209280.0	7861.0
1262	209031.0	7834.0
1263	210071.0	7842.0
1264	209401.0	7834.0
1265	209294.0	7974.0
1266	209437.0	7832.0
1267	209614.0	7794.0
1268	209555.0	7894.0
1269	209110.0	7696.0
1270	209062.0	7904.0
1271	208751.0	7778.0
1272	208815.0	7994.0
1273	208277.0	7853.0
1274	208418.0	7906.0
1275	208431.0	7981.0
1276	208177.0	7982.0
1277	208448.0	8059.0
1278	207406.0	7954.0
1279	207574.0	7988.0
1280	207036.0	7912.0
1281	207826.0	8004.0
1282	208217.0	7926.0
1283	208136.0	7966.0
1284	208175.0	7935.0
1285	207992.0	7833.0
1286	207973.0	7906.0
1287	207104.0	7693.0
1288	207372.0	7738.0
1289	207294.0	7880.0
1290	207986.0	7783.0
1291	207597.0	7875.0
1292	207543.0	7807.0
1293	207524.0	7881.0
1294	207761.0	7842.0
1295	207900.0	7995.0
1296	208286.0	7861.0
1297	207177.0	7945.0
1298	207700.0	7841.0
1299	206804.0	7832.0
1300	207731.0	7911.0
1301	207051.0	7771.0
1302	207316.0	7738.0
1303	207403.0	7928.0
1304	207573.0	7918.0
1305	207215.0	8012.0
1306	206583.0	7780.0
1307	207316.0	7848.0
1308	206923.0	7956.0
1309	207205.0	7784.0
1310	206956.0	7902.0
1311	206729.0	7922.0
1312	206296.0	7958.0
1313	206843.0	7845.0
1314	206448.0	7862.0
1315	206631.0	7829.0
1316	206446.0	7924.0
1317	206160.0	7812.0
1318	205741.0	7847.0
1319	206193.0	7980.0
1320	206354.0	7822.0
1321	206448.0	7884.0
1322	206065.0	7800.0
1323	206534.0	7869.0
1324	206353.0	7824.0
1325	205677.0	7826.0
1326	206282.0	7735.0
1327	206665.0	7775.0
1328	206428.0	7845.0
1329	206243.0	7830.0
1330	206587.0	7898.0
1331	206511.0	7856.0
1332	206836.0	7874.0
1333	206670.0	7818.0
1334	206345.0	7804.0
1335	206270.0	7826.0
1336	206485.0	7976.0
1337	205994.0	7742.0
1338	205892.0	7843.0
1339	205501.0	7869.0
1340	205049.0	7869.0
1341	205601.0	7841.0
1342	205349.0	7925.0
1343	205437.0	7873.0
1344	205204.0	7814.0
1345	205475.0	7779.0
1346	205789.0	7871.0
1347	205747.0	7863.0
1348	205410.0	7737.0
1349	205797.0	7875.0
1350	206002.0	7867.0
1351	205787.0	7784.0
1352	205350.0	7835.0
1353	205038.0	7830.0
1354	204999.0	7920.0
1355	204426.0	7936.0
1356	204738.0	7722.0
1357	204720.0	7776.0
1358	204572.0	7962.0
1359	203815.0	7653.0
1360	203977.0	7744.0
1361	204810.0	7869.0
1362	203353.0	7695.0
1363	203791.0	7772.0
1364	204006.0	7867.0
1365	203296.0	7706.0
1366	203527.0	7877.0
1367	203459.0	7719.0
1368	203599.0	7705.0
1369	203137.0	7757.0
1370	203232.0	7715.0
1371	202945.0	7857.0
1372	203819.0	7829.0
1373	204079.0	7838.0
1374	203497.0	7700.0
1375	203083.0	7702.0
1376	203470.0	7761.0
1377	203466.0	7601.0
1378	203646.0	7689.0
1379	203464.0	7559.0
1380	203284.0	7657.0
1381	202629.0	7640.0
1382	203060.0	7603.0
1383	203403.0	7668.0
1384	202940.0	7724.0
1385	203365.0	7631.0
1386	203114.0	7680.0
1387	203611.0	7611.0
1388	203738.0	7605.0
1389	203110.0	7619.0
1390	202608.0	7634.0
1391	202763.0	7607.0
1392	203370.0	7747.0
1393	203110.0	7654.0
1394	204019.0	7667.0
1395	203706.0	7671.0
1396	202976.0	7726.0
1397	202994.0	7723.0
1398	202705.0	7620.0
1399	202869.0	7732.0
1400	202130.0	7732.0
1401	202331.0	7582.0
1402	201486.0	7769.0
1403	201777.0	7525.0
1404	201461.0	7632.0
1405	201194.0	7551.0
1406	201829.0	7682.0
1407	201600.0	7698.0
1408	201503.0	7707.0
1409	201553.0	7700.0
1410	200784.0	7679.0
1411	201503.0	7556.0
1412	200791.0	7543.0
1413	200873.0	7683.0
1414	201358.0	7656.0
1415	200623.0	7689.0
1416	200238.0	7713.0
1417	200644.0	7694.0
1418	200831.0	7577.0
1419	200364.0	7687.0
1420	200425.0	7669.0
1421	200422.0	7793.0
1422	200410.0	7734.0
1423	200658.0	7631.0
1424	200646.0	7609.0
1425	200549.0	7677.0
1426	200602.0	7600.0
1427	200617.0	7656.0
1428	200151.0	7580.0
1429	200032.0	7617.0
1430	200879.0	7483.0
1431	200426.0	7569.0
1432	200180.0	7583.0
1433	200433.0	7612.0
1434	200527.0	7418.0
1435	200637.0	7575.0
1436	200607.0	7580.0
1437	200092.0	7623.0
1438	200348.0	7725.0
1439	200591.0	7501.0
1440	200493.0	7690.0
1441	200202.0	7508.0
1442	199570.0	7640.0
1443	200357.0	7513.0
1444	200141.0	7554.0
1445	200237.0	7655.0
1446	200024.0	7654.0
1447	199837.0	7501.0
1448	199420.0	7661.0
1449	199956.0	7580.0
1450	199588.0	7639.0
1451	200188.0	7509.0
1452	200034.0	7404.0
1453	199281.0	7549.0
1454	199667.0	7565.0
1455	198821.0	7590.0
1456	199269.0	7626.0
1457	198865.0	7500.0
1458	198975.0	7459.0
1459	198948.0	7514.0
1460	199197.0	7484.0
1461	199051.0	7575.0
1462	199077.0	7515.0
1463	198899.0	7495.0
1464	198094.0	7526.0
1465	198103.0	7662.0
1466	198102.0	7660.0
1467	198603.0	7563.0
1468	198636.0	7616.0
1469	198671.0	7567.0
1470	198038.0	7596.0
1471	197376.0	7540.0
1472	197160.0	7588.0
1473	196852.0	7556.0
1474	197964.0	7476.0
1475	197433.0	7671.0
1476	196571.0	7599.0
1477	196827.0	7522.0
1478	196840.0	7461.0
1479	197001.0	7491.0
1480	196453.0	7621.0
1481	196450.0	7464.0
1482	196193.0	7538.0
1483	196425.0	7450.0
1484	196484.0	7404.0
1485	195978.0	7510.0
1486	196118.0	7301.0
1487	196599.0	7338.0
1488	195671.0	7502.0
1489	195599.0	7412.0
1490	195568.0	7495.0
1491	195338.0	7639.0
1492	195842.0	7553.0
1493	195875.0	7414.0
1494	195889.0	7483.0
1495	195885.0	7511.0
1496	195721.0	7445.0
1497	196408.0	7570.0
1498	195594.0	7509.0
1499	195160.0	7299.0
1500	194758.0	7415.0
1501	195088.0	7404.0
1502	195683.0	7504.0
1503	194990.0	7403.0
1504	194820.0	7401.0
1505	195140.0	7474.0
1506	195651.0	7468.0
1507	194995.0	7509.0
1508	195072.0	7504.0
1509	194289.0	7481.0
1510	194703.0	7582.0
1511	194658.0	7594.0
1512	194433.0	7525.0
1513	194901.0	7474.0
1514	194459.0	7507.0
1515	193640.0	7481.0
1516	193407.0	7333.0
1517	193348.0	7506.0
1518	193855.0	7533.0
1519	193512.0	7484.0
1520	194036.0	7544.0
1521	194015.0	7450.0
1522	193946.0	7606.0
1523	193939.0	7377.0
1524	193969.0	7342.0
1525	194614.0	7419.0
1526	193767.0	7443.0
1527	193839.0	7418.0
1528	193228.0	7400.0
1529	193125.0	7387.0
1530	192723.0	7552.0
1531	193173.0	7379.0
1532	192947.0	7426.0
1533	193239.0	7263.0
1534	192484.0	7261.0
1535	192578.0	7278.0
1536	193045.0	7384.0
1537	193206.0	7451.0
1538	192778.0	7525.0
1539	192619.0	7470.0
1540	192223.0	7482.0
1541	193430.0	7373.0
1542	192461.0	7418.0
1543	191915.0	7391.0
1544	192132.0	7378.0
1545	191698.0	7477.0
1546	191862.0	7382.0
1547	192114.0	7378.0
1548	192328.0	7396.0
1549	192164.0	7407.0
1550	191746.0	7307.0
1551	191632.0	7522.0
1552	191664.0	7504.0
1553	191563.0	7392.0
1554	191725.0	7441.0
1555	191745.0	7491.0
1556	191521.0	7424.0
1557	191592.0	7387.0
1558	190803.0	7449.0
1559	191242.0	7467.0
1560	191578.0	7496.0
1561	191113.0	7537.0
1562	191596.0	7501.0
1563	190783.0	7365.0
1564	190613.0	7554.0
1565	190989.0	7475.0
1566	190899.0	7443.0
1567	190482.0	7441.0
1568	190482.0	7538.0
1569	190031.0	7505.0
1570	190376.0	7589.0
1571	189978.0	7414.0
1572	190325.0	7476.0
1573	190227.0	7535.0
1574	189996.0	7476.0
1575	190309.0	7480.0
1576	189980.0	7539.0
1577	190579.0	7453.0
1578	190522.0	7443.0
1579	190118.0	7472.0
1580	189749.0	7583.0
1581	190236.0	7464.0
1582	190025.0	7587.0
1583	190257.0	7493.0
1584	190401.0	7561.0
1585	189593.0	7596.0
1586	189967.0	7461.0
1587	189542.0	7507.0
1588	189308.0	7435.0
1589	189585.0	7476.0
1590	189229.0	7556.0
1591	189375.0	7486.0
1592	189543.0	7440.0
1593	189530.0	7444.0
1594	188708.0	7417.0
1595	188960.0	7457.0
1596	188769.0	7423.0
1597	189526.0	7482.0
1598	188925.0	7447.0
1599	189329.0	7372.0
1600	188908.0	7442.0
1601	189175.0	7307.0
1602	189165.0	7421.0
1603	188630.0	7385.0
1604	188706.0	7401.0
1605	188734.0	7369.0
1606	188909.0	7291.0
1607	188620.0	7477.0
1608	188761.0	7275.0
1609	187404.0	7488.0
1610	188419.0	7344.0
1611	187901.0	7327.0
1612	188362.0	7517.0
1613	187820.0	7425.0
1614	187630.0	7339.0
1615	187547.0	7461.0
1616	187999.0	7324.0
1617	188023.0	7508.0
1618	187695.0	7484.0
1619	187828.0	7339.0
1620	187745.0	7461.0
1621	187573.0	7390.0
1622	187208.0	7356.0
1623	187536.0	7401.0
1624	187649.0	7308.0
1625	187490.0	7351.0
1626	187651.0	7478.0
1627	187810.0	7357.0
1628	187658.0	7461.0
1629	187393.0	7181.0
1630	187770.0	7332.0
1631	187470.0	7491.0
1632	187245.0	7214.0
1633	186875.0	7413.0
1634	187200.0	7323.0
1635	187697.0	7278.0
1636	186600.0	7448.0
1637	187161.0	7302.0
1638	187384.0	7302.0
1639	187949.0	7343.0
1640	187688.0	7421.0
1641	187549.0	7311.0
1642	187663.0	7314.0
1643	186810.0	7273.0
1644	186997.0	7350.0
1645	187501.0	7399.0
1646	186823.0	7340.0
1647	186529.0	7367.0
1648	187211.0	7229.0
1649	187157.0	7272.0
1650	186757.0	7335.0
1651	187335.0	7283.0
1652	187237.0	7278.0
1653	186844.0	7355.0
1654	186663.0	7397.0
1655	186807.0	7203.0
1656	186589.0	7321.0
1657	185823.0	7073.0
1658	186470.0	7309.0
1659	186430.0	7358.0
1660	186280.0	7368.0
1661	186775.0	7283.0
1662	186826.0	7442.0
1663	186731.0	7391.0
1664	186206.0	7333.0
1665	186268.0	7448.0
1666	186196.0	7259.0
1667	185767.0	7161.0
1668	186023.0	7237.0
1669	185912.0	7385.0
1670	185763.0	7244.0
1671	186290.0	7282.0
1672	185898.0	7263.0
1673	186043.0	7252.0
1674	186014.0	7308.0
1675	186285.0	7311.0
1676	185912.0	7158.0
1677	186307.0	7438.0
1678	185317.0	7261.0
1679	185523.0	7268.0
1680	185344.0	7170.0
1681	185297.0	7249.0
1682	185776.0	7388.0
1683	186307.0	7238.0
1684	185968.0	7511.0
1685	185764.0	7322.0
1686	185519.0	7209.0
1687	185403.0	7245.0
1688	185807.0	7294.0
1689	185025.0	7329.0
1690	185091.0	7317.0
1691	185272.0	7300.0
1692	184992.0	7199.0
1693	185363.0	7344.0
1694	186174.0	7354.0
1695	185812.0	7262.0
1696	184958.0	7257.0
1697	184583.0	7321.0
1698	185155.0	7378.0
1699	185138.0	7261.0
1700	185570.0	7238.0
1701	185808.0	7366.0
1702	185572.0	7153.0
1703	185347.0	7223.0
1704	186053.0	7286.0
1705	186325.0	7267.0
1706	186361.0	7415.0
1707	186539.0	7172.0
1708	187591.0	7335.0
1709	187599.0	7350.0
1710	186918.0	7410.0
1711	186190.0	7458.0
1712	186261.0	7348.0
1713	185317.0	7374.0
1714	185379.0	7152.0
1715	185214.0	7264.0
1716	185097.0	7397.0
1717	185029.0	7360.0
1718	184610.0	7311.0
1719	185257.0	7377.0
1720	184837.0	7434.0
1721	184562.0	7396.0
1722	184058.0	7291.0
1723	183953.0	7373.0
1724	184567.0	7388.0
1725	184959.0	7403.0
1726	184461.0	7464.0
1727	183988.0	7328.0
1728	183479.0	7321.0
1729	183993.0	7229.0
1730	183933.0	7321.0
1731	184334.0	7407.0
1732	183530.0	7347.0
1733	183603.0	7351.0
1734	183954.0	7304.0
1735	183192.0	7308.0
1736	183528.0	7502.0
1737	183097.0	7462.0
1738	182493.0	7236.0
1739	182992.0	7374.0
1740	183184.0	7294.0
1741	183471.0	7253.0
1742	182925.0	7385.0
1743	183282.0	7242.0
1744	183792.0	7497.0
1745	182952.0	7316.0
1746	182711.0	7407.0
1747	182435.0	7391.0
1748	182540.0	7329.0
1749	183309.0	7423.0
1750	182827.0	7342.0
1751	183075.0	7363.0
1752	182579.0	7290.0
1753	182534.0	7241.0
1754	182383.0	7399.0
1755	182608.0	7167.0
1756	183023.0	7309.0
1757	182807.0	7483.0
1758	182728.0	7320.0
1759	183491.0	7306.0
1760	182456.0	7269.0
1761	182243.0	7247.0
1762	182175.0	7378.0
1763	181861.0	7128.0
1764	182386.0	7207.0
1765	181836.0	7204.0
1766	181761.0	7180.0
1767	182450.0	7309.0
1768	181904.0	7267.0
1769	181560.0	7285.0
1770	181962.0	7244.0
1771	181531.0	7281.0
1772	181147.0	7221.0
1773	181165.0	7293.0
1774	181317.0	7201.0
1775	180844.0	7209.0
1776	181267.0	7139.0
1777	181208.0	7283.0
1778	180121.0	7124.0
1779	180966.0	7154.0
1780	181688.0	7179.0
1781	180563.0	7510.0
1782	180912.0	7393.0
1783	180562.0	7332.0
1784	181029.0	7184.0
1785	180893.0	7277.0
1786	180775.0	7129.0
1787	180935.0	7102.0
1788	180205.0	7198.0
1789	180536.0	7145.0
1790	180480.0	7281.0
1791	180421.0	7070.0
1792	180990.0	7183.0
1793	179889.0	7097.0
1794	180591.0	7233.0
1795	180461.0	7118.0
1796	180283.0	7163.0
1797	179231.0	7120.0
1798	180039.0	7152.0
1799	179728.0	7105.0
1800	180195.0	7137.0
1801	179368.0	7071.0
1802	179657.0	7080.0
1803	180202.0	7158.0
1804	180390.0	7102.0
1805	180313.0	6984.0
1806	180112.0	7107.0
1807	179648.0	7107.0
1808	179611.0	7215.0
1809	180457.0	7027.0
1810	179883.0	7102.0
1811	179720.0	7165.0
1812	180072.0	7105.0
1813	179824.0	7119.0
1814	179495.0	7125.0
1815	180068.0	7188.0
1816	180016.0	7226.0
1817	179868.0	7215.0
1818	179066.0	7108.0
1819	179036.0	7088.0
1820	178955.0	7195.0
1821	178884.0	7051.0
1822	179331.0	7140.0
1823	179203.0	7216.0
1824	178842.0	7234.0
1825	178682.0	7139.0
1826	179420.0	7244.0
1827	178575.0	7298.0
1828	179444.0	7160.0
1829	179333.0	7142.0
1830	179476.0	7243.0
1831	179852.0	7237.0
1832	179708.0	7349.0
1833	179747.0	7172.0
1834	179403.0	7049.0
1835	178344.0	7184.0
1836	178041.0	7138.0
1837	178053.0	7289.0
1838	177951.0	7023.0
1839	178557.0	7156.0
1840	178169.0	7169.0
1841	178708.0	7229.0
1842	177982.0	7235.0
1843	177626.0	7178.0
1844	178482.0	7294.0
1845	178414.0	7115.0
1846	178064.0	7141.0
1847	177682.0	7102.0
1848	177665.0	7152.0
1849	177215.0	7094.0
1850	177332.0	7111.0
1851	178141.0	7095.0
1852	177494.0	6907.0
1853	176950.0	7079.0
1854	177380.0	7087.0
1855	176774.0	7172.0
1856	177618.0	7092.0
1857	177964.0	7104.0
1858	177860.0	7137.0
1859	177124.0	6941.0
1860	177590.0	7138.0
1861	177941.0	7080.0
1862	177382.0	7058.0
1863	176919.0	6997.0
1864	177603.0	7178.0
1865	177664.0	7070.0
1866	176780.0	7037.0
1867	176478.0	7051.0
1868	176791.0	7099.0
1869	176569.0	7127.0
1870	176680.0	7236.0
1871	176586.0	7182.0
1872	176913.0	7305.0
1873	176240.0	7112.0
1874	176061.0	6993.0
1875	176485.0	7133.0
1876	176712.0	6987.0
1877	176285.0	7100.0
1878	176795.0	6997.0
1879	176079.0	6908.0
1880	176350.0	7144.0
1881	176229.0	7017.0
1882	176155.0	7127.0
1883	175896.0	7228.0
1884	175435.0	7067.0
1885	176145.0	7134.0
1886	175514.0	7056.0
1887	175471.0	7084.0
1888	175633.0	6954.0
1889	175213.0	6940.0
1890	175248.0	7196.0
1891	175612.0	7096.0
1892	175031.0	7029.0
1893	174850.0	7111.0
1894	175104.0	6958.0
1895	174849.0	7151.0
1896	174824.0	6951.0
1897	175331.0	7137.0
1898	175525.0	7207.0
1899	175037.0	7041.0
1900	174943.0	7013.0
1901	174139.0	7086.0
1902	174967.0	7079.0
1903	174183.0	7090.0
1904	174535.0	7053.0
1905	174668.0	6998.0
1906	173890.0	7002.0
1907	173767.0	7079.0
1908	173888.0	7195.0
1909	174451.0	7069.0
1910	174294.0	7185.0
1911	173938.0	7094.0
1912	174343.0	7124.0
1913	174342.0	6964.0
1914	173696.0	7080.0
1915	173861.0	7045.0
1916	173480.0	7065.0
1917	173778.0	6966.0
1918	173753.0	7042.0
1919	174729.0	7072.0
1920	174069.0	6975.0
1921	173791.0	6892.0
1922	173819.0	7199.0
1923	174066.0	7044.0
1924	173987.0	7004.0
1925	174298.0	6831.0
1926	174015.0	7051.0
1927	173861.0	7112.0
1928	174062.0	6968.0
1929	173165.0	6997.0
1930	173351.0	7158.0
1931	173566.0	7054.0
1932	173387.0	7078.0
1933	172993.0	7075.0
1934	173281.0	7109.0
1935	173718.0	7156.0
1936	173678.0	7064.0
1937	173337.0	7113.0
1938	173139.0	7035.0
1939	173153.0	7068.0
1940	173557.0	7064.0
1941	173679.0	7094.0
1942	173290.0	7052.0
1943	173563.0	7137.0
1944	173864.0	7136.0
1945	173153.0	7015.0
1946	173209.0	6993.0
1947	173081.0	7148.0
1948	172819.0	6987.0
1949	172857.0	7058.0
1950	173190.0	7028.0
1951	173627.0	7051.0
1952	172918.0	7126.0
1953	173212.0	7145.0
1954	172859.0	7208.0
1955	173059.0	7208.0
1956	172908.0	7174.0
1957	173548.0	7160.0
1958	173629.0	7177.0
1959	172847.0	7201.0
1960	173218.0	7183.0
1961	172706.0	7078.0
1962	173394.0	7156.0
1963	173598.0	7166.0
1964	173490.0	7267.0
1965	172808.0	7183.0
1966	172900.0	7297.0
1967	172840.0	7192.0
1968	172987.0	7173.0
1969	172868.0	7170.0
1970	172849.0	7213.0
1971	172549.0	7135.0
1972	172395.0	7154.0
1973	173023.0	7153.0
1974	172706.0	7171.0
1975	172895.0	7206.0
1976	172898.0	7330.0
1977	172602.0	7242.0
1978	172625.0	7146.0
1979	172183.0	7142.0
1980	171841.0	7286.0
1981	172491.0	7233.0
1982	172623.0	7244.0
1983	172990.0	7273.0
1984	172566.0	7292.0
1985	171820.0	7258.0
1986	172386.0	7212.0
1987	172035.0	7165.0
1988	172759.0	7197.0
1989	172739.0	7129.0
1990	172745.0	7095.0
1991	172358.0	7109.0
1992	172580.0	7133.0
1993	172820.0	7212.0
1994	172391.0	7160.0
1995	172379.0	7198.0
1996	172128.0	7332.0
1997	173323.0	7291.0
1998	172146.0	7198.0
1999	172074.0	7183.0
