Distance in bp(Fragment Length Estimate: 75)(Peak Width Estimate: 75)	Same Strand (+ for Watson strand, - for Crick)	Opposite Strand
-2000	162915.0	11956.0
-1999	163134.0	11875.0
-1998	163083.0	11934.0
-1997	162817.0	12068.0
-1996	163332.0	12058.0
-1995	163613.0	12018.0
-1994	162992.0	11897.0
-1993	163586.0	11997.0
-1992	163251.0	12075.0
-1991	163246.0	11890.0
-1990	163280.0	12126.0
-1989	163650.0	12035.0
-1988	163693.0	11970.0
-1987	163588.0	11919.0
-1986	163128.0	11948.0
-1985	163771.0	11894.0
-1984	163407.0	11843.0
-1983	163237.0	11875.0
-1982	163611.0	11966.0
-1981	163527.0	12044.0
-1980	163518.0	11863.0
-1979	163117.0	11912.0
-1978	163572.0	12019.0
-1977	163768.0	12001.0
-1976	164045.0	12143.0
-1975	164006.0	11971.0
-1974	163817.0	11803.0
-1973	164019.0	11899.0
-1972	163826.0	12018.0
-1971	163442.0	11857.0
-1970	163921.0	11857.0
-1969	164377.0	11848.0
-1968	164033.0	11948.0
-1967	163918.0	11717.0
-1966	163255.0	11883.0
-1965	163747.0	11813.0
-1964	164385.0	11790.0
-1963	164132.0	11779.0
-1962	164166.0	11963.0
-1961	164215.0	11889.0
-1960	164251.0	11939.0
-1959	164023.0	11940.0
-1958	164358.0	11854.0
-1957	164367.0	11909.0
-1956	164728.0	12075.0
-1955	164238.0	11932.0
-1954	164495.0	11941.0
-1953	163961.0	11914.0
-1952	164254.0	11894.0
-1951	164712.0	11813.0
-1950	164406.0	11999.0
-1949	164818.0	11859.0
-1948	164614.0	11991.0
-1947	164843.0	11760.0
-1946	164344.0	11873.0
-1945	165399.0	11940.0
-1944	164253.0	11981.0
-1943	164490.0	11948.0
-1942	164221.0	11937.0
-1941	164801.0	11975.0
-1940	164452.0	11898.0
-1939	165210.0	11995.0
-1938	164563.0	11961.0
-1937	164366.0	11956.0
-1936	164640.0	12008.0
-1935	165413.0	12022.0
-1934	165211.0	11922.0
-1933	165297.0	11851.0
-1932	164766.0	11893.0
-1931	165549.0	11748.0
-1930	165392.0	11915.0
-1929	165300.0	12002.0
-1928	165059.0	12016.0
-1927	165420.0	12033.0
-1926	165081.0	11950.0
-1925	165055.0	12024.0
-1924	165396.0	11937.0
-1923	165523.0	11928.0
-1922	165580.0	11965.0
-1921	165586.0	12036.0
-1920	165232.0	12121.0
-1919	165573.0	11984.0
-1918	165695.0	11997.0
-1917	165543.0	12088.0
-1916	165557.0	11938.0
-1915	165429.0	11965.0
-1914	166407.0	12062.0
-1913	166213.0	11983.0
-1912	166755.0	12030.0
-1911	165980.0	11974.0
-1910	166389.0	12132.0
-1909	166062.0	12025.0
-1908	165985.0	11993.0
-1907	166120.0	12097.0
-1906	166439.0	12031.0
-1905	166105.0	12093.0
-1904	166251.0	12118.0
-1903	166747.0	12054.0
-1902	166227.0	12126.0
-1901	166193.0	12015.0
-1900	166871.0	11984.0
-1899	166865.0	12178.0
-1898	166831.0	12139.0
-1897	166403.0	12043.0
-1896	167162.0	12225.0
-1895	167000.0	12283.0
-1894	166852.0	12111.0
-1893	167302.0	12174.0
-1892	166267.0	12071.0
-1891	166744.0	11997.0
-1890	166926.0	12153.0
-1889	166279.0	12183.0
-1888	166588.0	12264.0
-1887	167087.0	12083.0
-1886	166366.0	12097.0
-1885	166914.0	12092.0
-1884	167456.0	11963.0
-1883	167432.0	12212.0
-1882	166906.0	12202.0
-1881	167173.0	12045.0
-1880	167003.0	12190.0
-1879	167216.0	12158.0
-1878	167410.0	12191.0
-1877	167374.0	12192.0
-1876	167091.0	12138.0
-1875	167976.0	12197.0
-1874	167818.0	12267.0
-1873	167394.0	12282.0
-1872	168235.0	12428.0
-1871	168487.0	12294.0
-1870	168432.0	12310.0
-1869	167197.0	12272.0
-1868	168002.0	12258.0
-1867	167925.0	12150.0
-1866	168077.0	12207.0
-1865	168015.0	12255.0
-1864	168219.0	12212.0
-1863	168123.0	12257.0
-1862	168793.0	12202.0
-1861	167523.0	12242.0
-1860	168334.0	12245.0
-1859	168444.0	12214.0
-1858	168617.0	12330.0
-1857	167881.0	12255.0
-1856	168118.0	12210.0
-1855	167923.0	12200.0
-1854	168494.0	12156.0
-1853	168430.0	12261.0
-1852	168942.0	12308.0
-1851	168498.0	12290.0
-1850	168329.0	12280.0
-1849	169020.0	12193.0
-1848	168722.0	12265.0
-1847	168680.0	12116.0
-1846	168817.0	12299.0
-1845	168446.0	12279.0
-1844	168707.0	12295.0
-1843	168606.0	12237.0
-1842	168756.0	12253.0
-1841	168129.0	12377.0
-1840	168878.0	12246.0
-1839	168640.0	12244.0
-1838	168593.0	12073.0
-1837	168798.0	12298.0
-1836	169623.0	12393.0
-1835	169283.0	12198.0
-1834	169311.0	12304.0
-1833	168904.0	12163.0
-1832	169483.0	12324.0
-1831	169632.0	12241.0
-1830	169536.0	12278.0
-1829	169719.0	12262.0
-1828	169369.0	12235.0
-1827	169590.0	12289.0
-1826	169388.0	12258.0
-1825	169815.0	12268.0
-1824	169798.0	12201.0
-1823	169458.0	12192.0
-1822	169505.0	12268.0
-1821	169746.0	12305.0
-1820	169759.0	12302.0
-1819	169457.0	12318.0
-1818	169255.0	12346.0
-1817	169537.0	12320.0
-1816	169916.0	12198.0
-1815	169756.0	12323.0
-1814	169708.0	12305.0
-1813	169617.0	12252.0
-1812	170252.0	12331.0
-1811	169785.0	12279.0
-1810	169903.0	12298.0
-1809	170013.0	12227.0
-1808	169896.0	12379.0
-1807	170115.0	12447.0
-1806	170293.0	12206.0
-1805	170480.0	12096.0
-1804	170820.0	12070.0
-1803	169782.0	12089.0
-1802	170505.0	12280.0
-1801	170300.0	12260.0
-1800	170800.0	12227.0
-1799	170782.0	12311.0
-1798	170673.0	12161.0
-1797	170543.0	12244.0
-1796	170614.0	12287.0
-1795	171199.0	12288.0
-1794	170976.0	12231.0
-1793	171623.0	12289.0
-1792	170914.0	12164.0
-1791	171329.0	12104.0
-1790	171328.0	12045.0
-1789	170747.0	12255.0
-1788	171144.0	12139.0
-1787	171077.0	12208.0
-1786	170621.0	12247.0
-1785	170788.0	12165.0
-1784	170988.0	12248.0
-1783	170906.0	12273.0
-1782	170547.0	12242.0
-1781	171250.0	12274.0
-1780	171065.0	12401.0
-1779	171257.0	12188.0
-1778	171057.0	12218.0
-1777	171460.0	12262.0
-1776	171408.0	12256.0
-1775	171091.0	12229.0
-1774	171431.0	12278.0
-1773	171205.0	12250.0
-1772	171001.0	12369.0
-1771	171454.0	12258.0
-1770	171593.0	12189.0
-1769	171053.0	12075.0
-1768	170910.0	12241.0
-1767	170906.0	12152.0
-1766	171910.0	12221.0
-1765	171530.0	12293.0
-1764	171507.0	12097.0
-1763	171167.0	12031.0
-1762	170605.0	12270.0
-1761	171274.0	11961.0
-1760	170530.0	12039.0
-1759	171831.0	12106.0
-1758	171623.0	12131.0
-1757	171597.0	12185.0
-1756	170852.0	12210.0
-1755	171164.0	12201.0
-1754	171478.0	12072.0
-1753	171946.0	12080.0
-1752	171290.0	12220.0
-1751	171378.0	12142.0
-1750	171511.0	11958.0
-1749	171287.0	12020.0
-1748	172453.0	12233.0
-1747	172117.0	12033.0
-1746	172532.0	11971.0
-1745	171928.0	12154.0
-1744	172203.0	12140.0
-1743	171802.0	12171.0
-1742	172005.0	12159.0
-1741	171616.0	12209.0
-1740	172134.0	12051.0
-1739	172224.0	11951.0
-1738	171675.0	12016.0
-1737	171988.0	12063.0
-1736	171830.0	12053.0
-1735	171813.0	12082.0
-1734	172776.0	11904.0
-1733	172184.0	11950.0
-1732	172354.0	12074.0
-1731	172483.0	12145.0
-1730	172588.0	12112.0
-1729	172766.0	12161.0
-1728	172981.0	12050.0
-1727	172719.0	12035.0
-1726	173036.0	12104.0
-1725	172991.0	12131.0
-1724	173041.0	12173.0
-1723	172813.0	12169.0
-1722	173126.0	12048.0
-1721	172981.0	12137.0
-1720	172926.0	12175.0
-1719	172613.0	12156.0
-1718	173142.0	12076.0
-1717	172537.0	12161.0
-1716	172894.0	12132.0
-1715	173368.0	12090.0
-1714	172977.0	12174.0
-1713	173348.0	12020.0
-1712	172922.0	12035.0
-1711	173146.0	12132.0
-1710	172957.0	11898.0
-1709	173170.0	12221.0
-1708	173504.0	12019.0
-1707	173567.0	11924.0
-1706	173075.0	12012.0
-1705	173617.0	12099.0
-1704	173240.0	11962.0
-1703	173676.0	11999.0
-1702	174168.0	12079.0
-1701	173862.0	11881.0
-1700	173706.0	11981.0
-1699	174125.0	12062.0
-1698	174084.0	12043.0
-1697	173472.0	11975.0
-1696	173609.0	11932.0
-1695	174518.0	12019.0
-1694	173720.0	11970.0
-1693	174382.0	11961.0
-1692	175023.0	11940.0
-1691	174473.0	12057.0
-1690	174555.0	11924.0
-1689	174591.0	11913.0
-1688	174612.0	12072.0
-1687	174066.0	11996.0
-1686	174320.0	11955.0
-1685	174290.0	11866.0
-1684	174264.0	11969.0
-1683	174702.0	11972.0
-1682	174978.0	11926.0
-1681	174526.0	11992.0
-1680	174188.0	11899.0
-1679	174403.0	11911.0
-1678	174038.0	11740.0
-1677	175152.0	11818.0
-1676	174629.0	11901.0
-1675	175121.0	11909.0
-1674	175506.0	11824.0
-1673	175599.0	11954.0
-1672	175747.0	11827.0
-1671	174962.0	11852.0
-1670	175300.0	11612.0
-1669	175088.0	11778.0
-1668	175290.0	11761.0
-1667	175262.0	11767.0
-1666	175804.0	11830.0
-1665	175812.0	11878.0
-1664	175748.0	11905.0
-1663	175934.0	11880.0
-1662	175601.0	11628.0
-1661	175846.0	11876.0
-1660	175704.0	11955.0
-1659	175844.0	11990.0
-1658	175923.0	11783.0
-1657	175547.0	11724.0
-1656	175571.0	11861.0
-1655	175580.0	11930.0
-1654	176196.0	11684.0
-1653	176398.0	11670.0
-1652	176214.0	11645.0
-1651	175798.0	11818.0
-1650	176269.0	11723.0
-1649	175895.0	11802.0
-1648	176810.0	11816.0
-1647	176408.0	11734.0
-1646	176318.0	11680.0
-1645	175714.0	11606.0
-1644	176630.0	11851.0
-1643	176166.0	11615.0
-1642	176719.0	11603.0
-1641	176910.0	11778.0
-1640	177061.0	11760.0
-1639	177127.0	11781.0
-1638	176932.0	11870.0
-1637	176508.0	11704.0
-1636	176609.0	11813.0
-1635	176826.0	11776.0
-1634	176760.0	11743.0
-1633	177660.0	11671.0
-1632	177239.0	11673.0
-1631	177136.0	11515.0
-1630	176949.0	11604.0
-1629	177190.0	11662.0
-1628	177164.0	11707.0
-1627	177593.0	11640.0
-1626	177652.0	11631.0
-1625	177987.0	11627.0
-1624	177260.0	11692.0
-1623	177729.0	11737.0
-1622	177838.0	11589.0
-1621	177787.0	11643.0
-1620	177760.0	11778.0
-1619	178021.0	11605.0
-1618	177789.0	11721.0
-1617	178719.0	11465.0
-1616	178098.0	11645.0
-1615	178935.0	11506.0
-1614	178258.0	11762.0
-1613	178469.0	11838.0
-1612	178991.0	11577.0
-1611	177610.0	11534.0
-1610	178558.0	11349.0
-1609	178451.0	11597.0
-1608	178666.0	11535.0
-1607	178758.0	11498.0
-1606	178928.0	11481.0
-1605	179676.0	11628.0
-1604	178593.0	11693.0
-1603	178847.0	11535.0
-1602	179085.0	11535.0
-1601	178527.0	11487.0
-1600	178911.0	11454.0
-1599	178750.0	11529.0
-1598	178981.0	11498.0
-1597	179056.0	11565.0
-1596	178795.0	11575.0
-1595	179270.0	11510.0
-1594	179431.0	11510.0
-1593	179434.0	11519.0
-1592	179341.0	11684.0
-1591	179702.0	11651.0
-1590	179994.0	11580.0
-1589	180398.0	11651.0
-1588	179653.0	11482.0
-1587	180382.0	11506.0
-1586	179929.0	11684.0
-1585	179483.0	11581.0
-1584	180050.0	11567.0
-1583	180223.0	11523.0
-1582	180078.0	11485.0
-1581	179809.0	11576.0
-1580	179954.0	11581.0
-1579	180307.0	11517.0
-1578	180156.0	11598.0
-1577	180251.0	11715.0
-1576	180510.0	11605.0
-1575	180398.0	11525.0
-1574	181464.0	11513.0
-1573	180972.0	11507.0
-1572	180709.0	11599.0
-1571	180938.0	11612.0
-1570	181452.0	11546.0
-1569	181032.0	11624.0
-1568	181465.0	11705.0
-1567	181301.0	11531.0
-1566	181489.0	11467.0
-1565	181642.0	11628.0
-1564	181560.0	11615.0
-1563	181623.0	11848.0
-1562	181878.0	11673.0
-1561	181360.0	11716.0
-1560	180956.0	11570.0
-1559	181852.0	11486.0
-1558	181923.0	11669.0
-1557	182293.0	11609.0
-1556	182521.0	11505.0
-1555	182397.0	11424.0
-1554	181738.0	11516.0
-1553	182309.0	11513.0
-1552	181728.0	11766.0
-1551	182322.0	11703.0
-1550	182561.0	11711.0
-1549	182258.0	11652.0
-1548	182741.0	11587.0
-1547	182570.0	11775.0
-1546	182224.0	11728.0
-1545	183403.0	11610.0
-1544	183275.0	11615.0
-1543	183309.0	11583.0
-1542	183114.0	11632.0
-1541	183102.0	11757.0
-1540	183035.0	11706.0
-1539	182685.0	11617.0
-1538	183151.0	11755.0
-1537	183170.0	11633.0
-1536	182867.0	11486.0
-1535	182649.0	11620.0
-1534	183236.0	11429.0
-1533	183099.0	11584.0
-1532	183204.0	11427.0
-1531	183554.0	11587.0
-1530	183263.0	11466.0
-1529	183231.0	11694.0
-1528	183815.0	11569.0
-1527	183700.0	11565.0
-1526	183760.0	11692.0
-1525	184548.0	11574.0
-1524	184142.0	11687.0
-1523	184039.0	11656.0
-1522	183958.0	11558.0
-1521	184033.0	11669.0
-1520	183582.0	11575.0
-1519	184020.0	11564.0
-1518	184444.0	11471.0
-1517	183676.0	11458.0
-1516	184593.0	11465.0
-1515	184231.0	11570.0
-1514	184098.0	11688.0
-1513	184730.0	11482.0
-1512	184995.0	11440.0
-1511	184906.0	11640.0
-1510	184260.0	11564.0
-1509	184958.0	11587.0
-1508	184290.0	11479.0
-1507	185313.0	11610.0
-1506	184591.0	11740.0
-1505	185155.0	11468.0
-1504	185225.0	11695.0
-1503	185278.0	11664.0
-1502	185479.0	11575.0
-1501	185677.0	11628.0
-1500	185409.0	11718.0
-1499	185928.0	11511.0
-1498	185436.0	11535.0
-1497	185941.0	11559.0
-1496	185384.0	11496.0
-1495	186423.0	11622.0
-1494	185904.0	11522.0
-1493	185990.0	11613.0
-1492	185739.0	11444.0
-1491	186147.0	11514.0
-1490	186300.0	11574.0
-1489	186350.0	11401.0
-1488	186085.0	11532.0
-1487	186867.0	11403.0
-1486	186538.0	11514.0
-1485	186176.0	11418.0
-1484	186296.0	11724.0
-1483	186363.0	11556.0
-1482	186251.0	11585.0
-1481	186450.0	11517.0
-1480	186111.0	11606.0
-1479	186316.0	11579.0
-1478	186892.0	11571.0
-1477	186805.0	11636.0
-1476	186565.0	11504.0
-1475	186720.0	11537.0
-1474	186431.0	11610.0
-1473	187263.0	11608.0
-1472	187218.0	11721.0
-1471	187103.0	11502.0
-1470	186975.0	11520.0
-1469	187200.0	11665.0
-1468	186545.0	11650.0
-1467	186796.0	11581.0
-1466	186908.0	11789.0
-1465	187062.0	11531.0
-1464	187782.0	11451.0
-1463	187559.0	11543.0
-1462	187310.0	11611.0
-1461	187836.0	11640.0
-1460	187583.0	11639.0
-1459	187292.0	11489.0
-1458	187429.0	11663.0
-1457	187372.0	11643.0
-1456	187792.0	11586.0
-1455	187966.0	11547.0
-1454	188028.0	11440.0
-1453	188425.0	11560.0
-1452	187596.0	11425.0
-1451	187588.0	11404.0
-1450	188003.0	11334.0
-1449	188037.0	11374.0
-1448	188338.0	11441.0
-1447	188272.0	11496.0
-1446	187450.0	11415.0
-1445	187733.0	11394.0
-1444	188323.0	11393.0
-1443	188237.0	11486.0
-1442	188936.0	11420.0
-1441	189124.0	11362.0
-1440	188784.0	11439.0
-1439	188465.0	11518.0
-1438	188790.0	11427.0
-1437	189412.0	11432.0
-1436	188872.0	11499.0
-1435	188865.0	11455.0
-1434	189491.0	11426.0
-1433	188503.0	11397.0
-1432	188901.0	11207.0
-1431	189342.0	11144.0
-1430	189257.0	11423.0
-1429	189470.0	11410.0
-1428	189439.0	11334.0
-1427	189679.0	11344.0
-1426	189451.0	11464.0
-1425	189125.0	11224.0
-1424	189215.0	11336.0
-1423	189883.0	11361.0
-1422	190010.0	11345.0
-1421	190154.0	11388.0
-1420	190262.0	11424.0
-1419	189610.0	11382.0
-1418	190130.0	11271.0
-1417	190104.0	11367.0
-1416	189815.0	11368.0
-1415	190463.0	11515.0
-1414	190014.0	11468.0
-1413	190137.0	11305.0
-1412	190750.0	11471.0
-1411	190538.0	11446.0
-1410	191296.0	11386.0
-1409	190614.0	11535.0
-1408	190919.0	11270.0
-1407	190673.0	11307.0
-1406	190861.0	11357.0
-1405	191295.0	11246.0
-1404	191126.0	11462.0
-1403	190961.0	11393.0
-1402	190575.0	11382.0
-1401	190807.0	11357.0
-1400	191146.0	11498.0
-1399	191342.0	11427.0
-1398	191489.0	11379.0
-1397	191362.0	11310.0
-1396	191461.0	11357.0
-1395	191601.0	11322.0
-1394	192255.0	11247.0
-1393	191244.0	11344.0
-1392	191742.0	11423.0
-1391	192166.0	11309.0
-1390	191729.0	11287.0
-1389	191829.0	11319.0
-1388	191737.0	11366.0
-1387	192214.0	11358.0
-1386	191977.0	11352.0
-1385	192018.0	11326.0
-1384	192426.0	11373.0
-1383	192487.0	11261.0
-1382	191873.0	11251.0
-1381	192370.0	11285.0
-1380	192652.0	11304.0
-1379	193040.0	11338.0
-1378	193140.0	11154.0
-1377	192989.0	11219.0
-1376	192817.0	11305.0
-1375	193261.0	11203.0
-1374	193559.0	11171.0
-1373	193340.0	11252.0
-1372	192744.0	11185.0
-1371	193171.0	11180.0
-1370	193156.0	11247.0
-1369	193494.0	11193.0
-1368	192559.0	11278.0
-1367	192758.0	11175.0
-1366	194072.0	11196.0
-1365	193794.0	11200.0
-1364	193779.0	11168.0
-1363	193017.0	11120.0
-1362	193087.0	11161.0
-1361	193564.0	11456.0
-1360	194062.0	11217.0
-1359	193992.0	11370.0
-1358	193643.0	11377.0
-1357	193901.0	11438.0
-1356	194251.0	11224.0
-1355	193940.0	11131.0
-1354	193588.0	11292.0
-1353	194034.0	11200.0
-1352	194180.0	10994.0
-1351	193832.0	11143.0
-1350	193918.0	11224.0
-1349	194596.0	11203.0
-1348	194879.0	11171.0
-1347	194417.0	11073.0
-1346	194485.0	11019.0
-1345	194145.0	11282.0
-1344	194932.0	11309.0
-1343	194789.0	11199.0
-1342	194442.0	11462.0
-1341	194844.0	11227.0
-1340	195054.0	11223.0
-1339	195125.0	11318.0
-1338	194999.0	11105.0
-1337	195065.0	11278.0
-1336	195197.0	10994.0
-1335	195107.0	11029.0
-1334	194945.0	11041.0
-1333	195290.0	11052.0
-1332	195484.0	11238.0
-1331	195168.0	11040.0
-1330	195595.0	10950.0
-1329	195594.0	11007.0
-1328	195403.0	11011.0
-1327	195185.0	11072.0
-1326	196302.0	11042.0
-1325	195604.0	11080.0
-1324	196072.0	11022.0
-1323	195542.0	11014.0
-1322	195174.0	11160.0
-1321	195490.0	11028.0
-1320	195922.0	11140.0
-1319	196076.0	11124.0
-1318	196073.0	11052.0
-1317	196133.0	11051.0
-1316	196148.0	11027.0
-1315	196396.0	10958.0
-1314	196052.0	10995.0
-1313	196223.0	10991.0
-1312	196344.0	10985.0
-1311	196541.0	10936.0
-1310	196944.0	10975.0
-1309	196804.0	11017.0
-1308	196418.0	11063.0
-1307	196728.0	11030.0
-1306	196537.0	11090.0
-1305	197136.0	11076.0
-1304	197167.0	10954.0
-1303	197394.0	11106.0
-1302	197129.0	11131.0
-1301	197353.0	11148.0
-1300	197420.0	11166.0
-1299	197359.0	11120.0
-1298	197013.0	11071.0
-1297	197000.0	11220.0
-1296	197589.0	11093.0
-1295	198016.0	10912.0
-1294	197914.0	10936.0
-1293	197628.0	11081.0
-1292	198025.0	11029.0
-1291	197901.0	11116.0
-1290	197400.0	11147.0
-1289	198092.0	11304.0
-1288	198032.0	11127.0
-1287	198577.0	11142.0
-1286	198466.0	11016.0
-1285	198185.0	11193.0
-1284	198413.0	10998.0
-1283	197957.0	11084.0
-1282	197457.0	11075.0
-1281	197953.0	11082.0
-1280	198397.0	11013.0
-1279	197838.0	11147.0
-1278	198857.0	10978.0
-1277	198029.0	10948.0
-1276	198380.0	10926.0
-1275	198337.0	11093.0
-1274	198235.0	11112.0
-1273	198816.0	11014.0
-1272	198731.0	11010.0
-1271	198845.0	11072.0
-1270	198628.0	11035.0
-1269	199034.0	11018.0
-1268	199259.0	11091.0
-1267	199266.0	11120.0
-1266	198909.0	11139.0
-1265	199418.0	11078.0
-1264	198461.0	11061.0
-1263	199149.0	11063.0
-1262	198715.0	10987.0
-1261	198722.0	11093.0
-1260	199445.0	10982.0
-1259	198961.0	11003.0
-1258	198534.0	11021.0
-1257	198875.0	10993.0
-1256	199377.0	11092.0
-1255	199085.0	11050.0
-1254	199479.0	11017.0
-1253	199798.0	10994.0
-1252	199467.0	10984.0
-1251	199644.0	11010.0
-1250	199834.0	10879.0
-1249	200220.0	11018.0
-1248	199437.0	10970.0
-1247	200564.0	10980.0
-1246	200105.0	10969.0
-1245	201061.0	10868.0
-1244	201178.0	10781.0
-1243	200382.0	10804.0
-1242	200415.0	11153.0
-1241	200999.0	10991.0
-1240	199966.0	11149.0
-1239	200864.0	11033.0
-1238	201408.0	10996.0
-1237	201175.0	10982.0
-1236	201051.0	11154.0
-1235	200915.0	11079.0
-1234	200637.0	11106.0
-1233	201399.0	11124.0
-1232	201206.0	11128.0
-1231	201185.0	11091.0
-1230	200519.0	10996.0
-1229	201249.0	10842.0
-1228	201524.0	10868.0
-1227	200835.0	10822.0
-1226	201489.0	10948.0
-1225	201405.0	10911.0
-1224	201252.0	10987.0
-1223	202221.0	10991.0
-1222	202218.0	10944.0
-1221	201915.0	11040.0
-1220	201785.0	11005.0
-1219	202136.0	10942.0
-1218	202566.0	10953.0
-1217	202189.0	10911.0
-1216	202114.0	10767.0
-1215	202300.0	10859.0
-1214	202313.0	10950.0
-1213	201884.0	10866.0
-1212	201938.0	10862.0
-1211	202358.0	11042.0
-1210	202051.0	10956.0
-1209	202613.0	10946.0
-1208	202580.0	10955.0
-1207	202760.0	10928.0
-1206	202030.0	10904.0
-1205	202430.0	10901.0
-1204	203028.0	10899.0
-1203	203324.0	10811.0
-1202	202996.0	10846.0
-1201	202959.0	10759.0
-1200	203374.0	10852.0
-1199	203576.0	10850.0
-1198	202989.0	10795.0
-1197	202893.0	10735.0
-1196	203100.0	10970.0
-1195	203336.0	10814.0
-1194	203393.0	10684.0
-1193	203242.0	11011.0
-1192	203574.0	10805.0
-1191	203563.0	10918.0
-1190	203385.0	10965.0
-1189	204139.0	10964.0
-1188	203577.0	10885.0
-1187	204129.0	10933.0
-1186	204633.0	10885.0
-1185	204574.0	10860.0
-1184	204115.0	10743.0
-1183	204063.0	10732.0
-1182	204117.0	10718.0
-1181	204663.0	10808.0
-1180	204640.0	10817.0
-1179	205501.0	10687.0
-1178	204599.0	10732.0
-1177	204426.0	10816.0
-1176	204226.0	10636.0
-1175	205044.0	10744.0
-1174	204869.0	10626.0
-1173	204863.0	10672.0
-1172	205225.0	10808.0
-1171	204693.0	10636.0
-1170	205888.0	10536.0
-1169	204930.0	10783.0
-1168	204736.0	10849.0
-1167	205317.0	10857.0
-1166	205506.0	10622.0
-1165	205846.0	10919.0
-1164	205461.0	10816.0
-1163	205977.0	10891.0
-1162	205596.0	10899.0
-1161	205788.0	10786.0
-1160	205943.0	10640.0
-1159	206173.0	10537.0
-1158	206925.0	10621.0
-1157	206263.0	10768.0
-1156	205846.0	10832.0
-1155	206014.0	10630.0
-1154	206409.0	10706.0
-1153	205939.0	10734.0
-1152	206173.0	10620.0
-1151	207103.0	10705.0
-1150	206283.0	10567.0
-1149	206452.0	10659.0
-1148	206739.0	10650.0
-1147	206216.0	10633.0
-1146	205840.0	10672.0
-1145	205934.0	10653.0
-1144	206792.0	10577.0
-1143	206933.0	10625.0
-1142	206892.0	10707.0
-1141	206909.0	10728.0
-1140	206680.0	10506.0
-1139	207302.0	10688.0
-1138	206502.0	10714.0
-1137	206870.0	10484.0
-1136	207301.0	10572.0
-1135	207602.0	10388.0
-1134	207188.0	10420.0
-1133	207068.0	10419.0
-1132	207079.0	10477.0
-1131	207058.0	10487.0
-1130	206869.0	10530.0
-1129	207594.0	10636.0
-1128	207714.0	10697.0
-1127	207852.0	10635.0
-1126	206968.0	10499.0
-1125	207343.0	10440.0
-1124	207261.0	10549.0
-1123	207208.0	10462.0
-1122	208078.0	10347.0
-1121	207715.0	10437.0
-1120	206986.0	10420.0
-1119	207676.0	10591.0
-1118	207939.0	10546.0
-1117	207626.0	10568.0
-1116	207785.0	10413.0
-1115	208661.0	10378.0
-1114	208308.0	10346.0
-1113	208661.0	10439.0
-1112	208213.0	10393.0
-1111	207821.0	10407.0
-1110	208138.0	10370.0
-1109	207882.0	10326.0
-1108	208662.0	10279.0
-1107	208373.0	10353.0
-1106	208431.0	10386.0
-1105	208420.0	10371.0
-1104	208426.0	10296.0
-1103	208357.0	10423.0
-1102	208575.0	10377.0
-1101	208668.0	10276.0
-1100	208698.0	10414.0
-1099	208623.0	10316.0
-1098	208665.0	10497.0
-1097	208487.0	10360.0
-1096	208982.0	10358.0
-1095	208695.0	10271.0
-1094	208379.0	10299.0
-1093	208663.0	10384.0
-1092	208637.0	10293.0
-1091	209235.0	10350.0
-1090	208730.0	10218.0
-1089	209143.0	10341.0
-1088	209021.0	10391.0
-1087	209215.0	10380.0
-1086	209110.0	10284.0
-1085	208939.0	10289.0
-1084	209143.0	10358.0
-1083	209124.0	10463.0
-1082	209068.0	10410.0
-1081	209867.0	10280.0
-1080	209857.0	10320.0
-1079	209501.0	10285.0
-1078	209043.0	10323.0
-1077	208926.0	10455.0
-1076	209929.0	10355.0
-1075	209943.0	10368.0
-1074	210494.0	10258.0
-1073	210039.0	10370.0
-1072	210848.0	10443.0
-1071	209866.0	10374.0
-1070	209494.0	10276.0
-1069	209715.0	10258.0
-1068	210157.0	10274.0
-1067	210716.0	10251.0
-1066	209940.0	10257.0
-1065	209549.0	10368.0
-1064	210928.0	10176.0
-1063	210307.0	10005.0
-1062	210352.0	10224.0
-1061	211008.0	10298.0
-1060	211318.0	10397.0
-1059	211826.0	10243.0
-1058	210897.0	10278.0
-1057	211217.0	10383.0
-1056	211059.0	10194.0
-1055	210728.0	10329.0
-1054	210427.0	10330.0
-1053	210886.0	10370.0
-1052	211211.0	10293.0
-1051	211140.0	10346.0
-1050	211298.0	10330.0
-1049	211197.0	10321.0
-1048	211613.0	10216.0
-1047	211651.0	10175.0
-1046	212175.0	10172.0
-1045	211564.0	10238.0
-1044	211911.0	10245.0
-1043	212291.0	10083.0
-1042	211845.0	10150.0
-1041	211794.0	10186.0
-1040	211929.0	10194.0
-1039	212436.0	10105.0
-1038	212415.0	10253.0
-1037	211882.0	10172.0
-1036	212502.0	10196.0
-1035	212421.0	10130.0
-1034	213160.0	10261.0
-1033	211756.0	10105.0
-1032	212639.0	10220.0
-1031	212213.0	10132.0
-1030	212450.0	10231.0
-1029	212718.0	10106.0
-1028	212768.0	10130.0
-1027	212602.0	10174.0
-1026	213193.0	10178.0
-1025	213226.0	10155.0
-1024	212884.0	10239.0
-1023	213396.0	10110.0
-1022	213258.0	10229.0
-1021	212796.0	10024.0
-1020	213280.0	9997.0
-1019	213197.0	10123.0
-1018	213236.0	10207.0
-1017	212834.0	10037.0
-1016	214061.0	10247.0
-1015	213218.0	9977.0
-1014	213502.0	10203.0
-1013	214075.0	10036.0
-1012	213822.0	10127.0
-1011	214180.0	10057.0
-1010	213910.0	10060.0
-1009	214627.0	10150.0
-1008	215194.0	10145.0
-1007	214670.0	10030.0
-1006	214859.0	10012.0
-1005	214423.0	10089.0
-1004	214628.0	9948.0
-1003	214638.0	9950.0
-1002	214517.0	10045.0
-1001	215423.0	10020.0
-1000	215090.0	9991.0
-999	215522.0	9963.0
-998	215613.0	9838.0
-997	215172.0	9972.0
-996	214747.0	10125.0
-995	215586.0	10054.0
-994	215572.0	9949.0
-993	215656.0	10001.0
-992	215674.0	9958.0
-991	215975.0	9925.0
-990	215819.0	10027.0
-989	216168.0	9941.0
-988	216190.0	9953.0
-987	216215.0	9781.0
-986	216402.0	9787.0
-985	215964.0	9898.0
-984	216299.0	9939.0
-983	216516.0	10026.0
-982	216491.0	9991.0
-981	216342.0	9969.0
-980	216780.0	9953.0
-979	216949.0	9819.0
-978	216726.0	10037.0
-977	216480.0	9921.0
-976	217220.0	9908.0
-975	217278.0	9805.0
-974	217297.0	9809.0
-973	217231.0	9873.0
-972	217142.0	9892.0
-971	217260.0	9887.0
-970	217441.0	9782.0
-969	217621.0	9832.0
-968	217974.0	9778.0
-967	218744.0	9870.0
-966	217156.0	10039.0
-965	218603.0	9858.0
-964	218513.0	9867.0
-963	218587.0	9794.0
-962	218652.0	9720.0
-961	219135.0	9796.0
-960	219088.0	9871.0
-959	218372.0	9965.0
-958	219377.0	9873.0
-957	218990.0	9811.0
-956	218451.0	9871.0
-955	219429.0	9828.0
-954	219399.0	9914.0
-953	219488.0	9930.0
-952	219454.0	9861.0
-951	219883.0	9726.0
-950	219287.0	9824.0
-949	220323.0	9753.0
-948	219919.0	9803.0
-947	220313.0	9814.0
-946	220428.0	9948.0
-945	220168.0	9811.0
-944	220530.0	9962.0
-943	220732.0	9794.0
-942	220333.0	9858.0
-941	220434.0	9661.0
-940	220130.0	9736.0
-939	220772.0	9829.0
-938	220266.0	9871.0
-937	220574.0	9785.0
-936	221522.0	9866.0
-935	220697.0	9862.0
-934	220743.0	9753.0
-933	221053.0	9680.0
-932	221082.0	9817.0
-931	221449.0	9841.0
-930	221652.0	9740.0
-929	221402.0	9717.0
-928	220090.0	9773.0
-927	220623.0	9552.0
-926	221645.0	9691.0
-925	221691.0	9876.0
-924	222079.0	9811.0
-923	222515.0	9801.0
-922	221812.0	9776.0
-921	221912.0	9756.0
-920	222205.0	9696.0
-919	222695.0	9887.0
-918	222691.0	9736.0
-917	222938.0	9664.0
-916	222633.0	9792.0
-915	222374.0	9686.0
-914	222763.0	9763.0
-913	222333.0	9769.0
-912	222008.0	9742.0
-911	223131.0	9610.0
-910	222844.0	9652.0
-909	223023.0	9631.0
-908	222816.0	9792.0
-907	222959.0	9728.0
-906	223717.0	9720.0
-905	223744.0	9646.0
-904	223840.0	9771.0
-903	223688.0	9742.0
-902	223824.0	9771.0
-901	223521.0	9741.0
-900	223917.0	9698.0
-899	223268.0	9691.0
-898	224209.0	9710.0
-897	223698.0	9663.0
-896	223820.0	9477.0
-895	223452.0	9560.0
-894	224336.0	9585.0
-893	223922.0	9561.0
-892	223826.0	9580.0
-891	224253.0	9636.0
-890	224480.0	9656.0
-889	224106.0	9771.0
-888	224996.0	9570.0
-887	224819.0	9761.0
-886	224789.0	9642.0
-885	225027.0	9572.0
-884	225101.0	9567.0
-883	225288.0	9642.0
-882	224819.0	9510.0
-881	225195.0	9590.0
-880	225691.0	9522.0
-879	225467.0	9448.0
-878	225711.0	9551.0
-877	226096.0	9545.0
-876	225542.0	9665.0
-875	225570.0	9579.0
-874	225337.0	9491.0
-873	226496.0	9488.0
-872	226440.0	9571.0
-871	226463.0	9480.0
-870	227054.0	9599.0
-869	226606.0	9536.0
-868	227014.0	9514.0
-867	226576.0	9367.0
-866	226879.0	9498.0
-865	226230.0	9444.0
-864	226902.0	9395.0
-863	226796.0	9331.0
-862	226369.0	9328.0
-861	227243.0	9478.0
-860	227292.0	9368.0
-859	227214.0	9537.0
-858	228078.0	9394.0
-857	227960.0	9518.0
-856	227325.0	9538.0
-855	228049.0	9301.0
-854	227592.0	9584.0
-853	227602.0	9569.0
-852	228031.0	9578.0
-851	227466.0	9395.0
-850	228548.0	9339.0
-849	227701.0	9432.0
-848	228102.0	9462.0
-847	228032.0	9411.0
-846	228105.0	9360.0
-845	228259.0	9333.0
-844	228113.0	9420.0
-843	229499.0	9373.0
-842	228711.0	9259.0
-841	229445.0	9421.0
-840	228674.0	9294.0
-839	229078.0	9183.0
-838	229457.0	9399.0
-837	229475.0	9306.0
-836	229521.0	9593.0
-835	229353.0	9306.0
-834	229624.0	9396.0
-833	229743.0	9418.0
-832	229753.0	9490.0
-831	229798.0	9403.0
-830	229324.0	9375.0
-829	231098.0	9320.0
-828	230293.0	9286.0
-827	229654.0	9362.0
-826	229895.0	9277.0
-825	229991.0	9304.0
-824	230870.0	9398.0
-823	230342.0	9212.0
-822	231207.0	9319.0
-821	231032.0	9183.0
-820	231357.0	9248.0
-819	231638.0	9194.0
-818	230907.0	9333.0
-817	231372.0	9296.0
-816	231855.0	9303.0
-815	232170.0	9308.0
-814	232175.0	9309.0
-813	231726.0	9151.0
-812	231614.0	9336.0
-811	232086.0	9187.0
-810	232100.0	9150.0
-809	232089.0	9223.0
-808	231827.0	9280.0
-807	232214.0	9186.0
-806	232258.0	9139.0
-805	232164.0	9202.0
-804	232856.0	9135.0
-803	232433.0	9224.0
-802	233350.0	9167.0
-801	233150.0	9118.0
-800	233357.0	9073.0
-799	234339.0	9155.0
-798	234339.0	9038.0
-797	234190.0	9032.0
-796	233594.0	9113.0
-795	233886.0	9112.0
-794	234213.0	9108.0
-793	234202.0	8981.0
-792	234346.0	9054.0
-791	233912.0	8960.0
-790	234532.0	8998.0
-789	234225.0	8944.0
-788	234899.0	9061.0
-787	235414.0	9175.0
-786	234983.0	9010.0
-785	235354.0	9062.0
-784	235014.0	9159.0
-783	235849.0	9077.0
-782	235597.0	9180.0
-781	235190.0	8994.0
-780	235775.0	9024.0
-779	236112.0	9104.0
-778	235638.0	9016.0
-777	236028.0	8961.0
-776	235760.0	8955.0
-775	235931.0	8942.0
-774	236079.0	9031.0
-773	235462.0	9068.0
-772	236085.0	9136.0
-771	236181.0	9069.0
-770	236043.0	9002.0
-769	236821.0	8946.0
-768	237100.0	9095.0
-767	237395.0	8997.0
-766	237237.0	8901.0
-765	237420.0	9039.0
-764	237329.0	8891.0
-763	237359.0	8834.0
-762	238414.0	8776.0
-761	237476.0	8915.0
-760	237442.0	8895.0
-759	238323.0	8944.0
-758	237970.0	8963.0
-757	237916.0	8947.0
-756	238154.0	8912.0
-755	238016.0	9010.0
-754	237937.0	8845.0
-753	238853.0	8787.0
-752	238105.0	8975.0
-751	238378.0	9034.0
-750	238503.0	9006.0
-749	237917.0	8954.0
-748	238335.0	9085.0
-747	239039.0	8945.0
-746	238672.0	8919.0
-745	238761.0	8821.0
-744	238545.0	8821.0
-743	238305.0	8759.0
-742	238515.0	8777.0
-741	239067.0	8716.0
-740	238816.0	8875.0
-739	239623.0	8697.0
-738	239027.0	8868.0
-737	238878.0	8750.0
-736	239157.0	8810.0
-735	240003.0	8868.0
-734	239999.0	8765.0
-733	240001.0	8814.0
-732	239356.0	8707.0
-731	240208.0	8658.0
-730	239533.0	8825.0
-729	239306.0	8652.0
-728	239975.0	8601.0
-727	240121.0	8725.0
-726	239712.0	8585.0
-725	240153.0	8637.0
-724	240883.0	8726.0
-723	240087.0	8579.0
-722	240115.0	8672.0
-721	241135.0	8627.0
-720	240821.0	8662.0
-719	240913.0	8633.0
-718	241200.0	8619.0
-717	240455.0	8552.0
-716	240623.0	8680.0
-715	241753.0	8704.0
-714	241076.0	8716.0
-713	241331.0	8706.0
-712	241589.0	8838.0
-711	241263.0	8710.0
-710	241831.0	8760.0
-709	241884.0	8696.0
-708	241564.0	8700.0
-707	241206.0	8793.0
-706	241549.0	8666.0
-705	242117.0	8699.0
-704	242200.0	8688.0
-703	241880.0	8612.0
-702	242264.0	8610.0
-701	241697.0	8583.0
-700	242909.0	8480.0
-699	242241.0	8495.0
-698	242875.0	8614.0
-697	243165.0	8594.0
-696	243290.0	8566.0
-695	242869.0	8695.0
-694	243098.0	8635.0
-693	242651.0	8713.0
-692	243328.0	8595.0
-691	243310.0	8691.0
-690	243125.0	8600.0
-689	242909.0	8594.0
-688	243354.0	8559.0
-687	244365.0	8670.0
-686	243916.0	8770.0
-685	243675.0	8530.0
-684	244240.0	8592.0
-683	244053.0	8658.0
-682	244219.0	8539.0
-681	244074.0	8599.0
-680	244530.0	8579.0
-679	244106.0	8482.0
-678	244134.0	8415.0
-677	244359.0	8527.0
-676	244874.0	8439.0
-675	245237.0	8459.0
-674	245033.0	8440.0
-673	245495.0	8499.0
-672	245085.0	8367.0
-671	245233.0	8444.0
-670	245401.0	8533.0
-669	245364.0	8466.0
-668	244703.0	8487.0
-667	245442.0	8522.0
-666	245346.0	8204.0
-665	246153.0	8393.0
-664	246491.0	8432.0
-663	246138.0	8387.0
-662	246174.0	8609.0
-661	246243.0	8439.0
-660	246672.0	8447.0
-659	246740.0	8445.0
-658	246836.0	8532.0
-657	247181.0	8356.0
-656	246990.0	8377.0
-655	247589.0	8362.0
-654	247711.0	8328.0
-653	248163.0	8430.0
-652	247250.0	8415.0
-651	247774.0	8289.0
-650	247419.0	8352.0
-649	248309.0	8377.0
-648	247948.0	8379.0
-647	248416.0	8206.0
-646	248747.0	8211.0
-645	248458.0	8340.0
-644	248375.0	8158.0
-643	248642.0	8176.0
-642	249204.0	8152.0
-641	248724.0	8297.0
-640	249053.0	8251.0
-639	248396.0	8250.0
-638	249011.0	8213.0
-637	249101.0	8350.0
-636	250007.0	8285.0
-635	249018.0	8243.0
-634	249280.0	8185.0
-633	249356.0	8288.0
-632	249721.0	8227.0
-631	250330.0	8137.0
-630	249664.0	8231.0
-629	250321.0	8137.0
-628	250585.0	8150.0
-627	250784.0	8169.0
-626	250741.0	8256.0
-625	250591.0	8263.0
-624	251583.0	8234.0
-623	250745.0	8257.0
-622	250743.0	8257.0
-621	251016.0	8104.0
-620	251509.0	8089.0
-619	251556.0	8079.0
-618	251477.0	8205.0
-617	251668.0	8129.0
-616	251179.0	8171.0
-615	251656.0	8052.0
-614	251825.0	8115.0
-613	252298.0	8008.0
-612	252138.0	8170.0
-611	252689.0	8102.0
-610	252601.0	8139.0
-609	252769.0	8164.0
-608	252759.0	8058.0
-607	253130.0	8118.0
-606	253165.0	8066.0
-605	253261.0	8238.0
-604	252927.0	8029.0
-603	253021.0	7985.0
-602	253810.0	7985.0
-601	253709.0	8102.0
-600	254342.0	8190.0
-599	254062.0	8144.0
-598	254095.0	8115.0
-597	254188.0	8105.0
-596	254978.0	8257.0
-595	254701.0	8134.0
-594	254587.0	8223.0
-593	255325.0	8250.0
-592	255030.0	8175.0
-591	256001.0	8244.0
-590	255684.0	8133.0
-589	256148.0	8146.0
-588	256305.0	8178.0
-587	255977.0	8028.0
-586	255689.0	8131.0
-585	256307.0	8115.0
-584	256317.0	8073.0
-583	256544.0	8098.0
-582	256674.0	8045.0
-581	256575.0	7923.0
-580	257004.0	8061.0
-579	256793.0	8006.0
-578	257023.0	8017.0
-577	257268.0	8057.0
-576	257048.0	8194.0
-575	257037.0	8041.0
-574	256972.0	7962.0
-573	257413.0	8150.0
-572	257670.0	7983.0
-571	257860.0	8106.0
-570	257773.0	7950.0
-569	257437.0	7951.0
-568	258400.0	7842.0
-567	259011.0	7948.0
-566	258114.0	7841.0
-565	258982.0	7926.0
-564	259750.0	7953.0
-563	259493.0	7835.0
-562	259327.0	8015.0
-561	258805.0	7978.0
-560	260079.0	8013.0
-559	259194.0	7965.0
-558	260179.0	8079.0
-557	259745.0	8064.0
-556	259939.0	8011.0
-555	260155.0	8015.0
-554	260056.0	7946.0
-553	259964.0	8007.0
-552	260443.0	7977.0
-551	260439.0	7941.0
-550	260840.0	7916.0
-549	261551.0	7805.0
-548	260855.0	7628.0
-547	261119.0	7814.0
-546	260999.0	7841.0
-545	261870.0	7895.0
-544	262136.0	7793.0
-543	261639.0	7863.0
-542	261986.0	7876.0
-541	262387.0	7865.0
-540	262183.0	7893.0
-539	262372.0	7931.0
-538	262577.0	7799.0
-537	262601.0	7927.0
-536	262576.0	7759.0
-535	263310.0	7608.0
-534	262573.0	7730.0
-533	263438.0	7743.0
-532	263325.0	7662.0
-531	263677.0	7577.0
-530	264169.0	7613.0
-529	264564.0	7637.0
-528	264591.0	7574.0
-527	263892.0	7669.0
-526	264706.0	7659.0
-525	264708.0	7689.0
-524	264660.0	7645.0
-523	264901.0	7677.0
-522	264815.0	7644.0
-521	265235.0	7592.0
-520	264698.0	7669.0
-519	264665.0	7694.0
-518	265152.0	7663.0
-517	265824.0	7647.0
-516	266214.0	7595.0
-515	266804.0	7645.0
-514	266410.0	7615.0
-513	266046.0	7628.0
-512	266712.0	7640.0
-511	266996.0	7590.0
-510	267290.0	7656.0
-509	266748.0	7649.0
-508	266504.0	7585.0
-507	267302.0	7671.0
-506	266761.0	7608.0
-505	267871.0	7657.0
-504	267411.0	7540.0
-503	267459.0	7448.0
-502	268396.0	7619.0
-501	268529.0	7529.0
-500	268634.0	7522.0
-499	268173.0	7507.0
-498	267795.0	7516.0
-497	267379.0	7465.0
-496	268025.0	7609.0
-495	268475.0	7569.0
-494	268425.0	7531.0
-493	268732.0	7576.0
-492	269417.0	7523.0
-491	268966.0	7624.0
-490	269000.0	7594.0
-489	269475.0	7628.0
-488	269772.0	7610.0
-487	269735.0	7552.0
-486	270063.0	7485.0
-485	269525.0	7328.0
-484	269755.0	7373.0
-483	270412.0	7386.0
-482	269910.0	7437.0
-481	269865.0	7369.0
-480	270138.0	7441.0
-479	270918.0	7339.0
-478	271019.0	7324.0
-477	270954.0	7431.0
-476	270940.0	7401.0
-475	270437.0	7520.0
-474	271077.0	7510.0
-473	270741.0	7457.0
-472	270383.0	7382.0
-471	271197.0	7292.0
-470	271385.0	7457.0
-469	272156.0	7448.0
-468	271692.0	7202.0
-467	271481.0	7268.0
-466	271795.0	7474.0
-465	271967.0	7337.0
-464	272437.0	7394.0
-463	272882.0	7455.0
-462	272084.0	7379.0
-461	272678.0	7240.0
-460	272942.0	7388.0
-459	272688.0	7305.0
-458	273361.0	7310.0
-457	273234.0	7318.0
-456	273662.0	7347.0
-455	272819.0	7349.0
-454	272967.0	7368.0
-453	273729.0	7299.0
-452	273935.0	7230.0
-451	273588.0	7276.0
-450	273555.0	7338.0
-449	273788.0	7332.0
-448	273882.0	7240.0
-447	274109.0	7193.0
-446	274371.0	7226.0
-445	274636.0	7226.0
-444	275113.0	7132.0
-443	274504.0	7230.0
-442	273978.0	7261.0
-441	275146.0	7340.0
-440	275993.0	7140.0
-439	276142.0	7188.0
-438	275576.0	7244.0
-437	275879.0	7186.0
-436	276560.0	7165.0
-435	276340.0	7169.0
-434	276604.0	7224.0
-433	276317.0	7017.0
-432	276293.0	6959.0
-431	276827.0	7057.0
-430	277186.0	7015.0
-429	276860.0	7044.0
-428	277582.0	7074.0
-427	277153.0	6949.0
-426	277267.0	6906.0
-425	277496.0	6925.0
-424	277564.0	6910.0
-423	278119.0	6992.0
-422	277896.0	6909.0
-421	277625.0	6989.0
-420	278249.0	7114.0
-419	278036.0	6932.0
-418	278478.0	7026.0
-417	278487.0	7054.0
-416	279396.0	7017.0
-415	279101.0	6862.0
-414	278393.0	7013.0
-413	279283.0	6901.0
-412	280035.0	6983.0
-411	280016.0	6895.0
-410	279496.0	6871.0
-409	279612.0	6913.0
-408	279876.0	6986.0
-407	279497.0	6815.0
-406	278975.0	6788.0
-405	280150.0	6816.0
-404	280139.0	6896.0
-403	280966.0	6815.0
-402	280762.0	6806.0
-401	281252.0	6915.0
-400	280381.0	6782.0
-399	280423.0	6798.0
-398	281094.0	6932.0
-397	281337.0	6841.0
-396	281373.0	6823.0
-395	281197.0	6805.0
-394	281527.0	6839.0
-393	282402.0	6829.0
-392	282264.0	6963.0
-391	282961.0	6795.0
-390	283039.0	6716.0
-389	283480.0	6865.0
-388	282895.0	6770.0
-387	283272.0	6801.0
-386	283631.0	6769.0
-385	284311.0	6715.0
-384	283970.0	6748.0
-383	284089.0	6768.0
-382	284256.0	6864.0
-381	284880.0	6770.0
-380	284034.0	6764.0
-379	284213.0	6654.0
-378	284022.0	6677.0
-377	283805.0	6883.0
-376	284785.0	6647.0
-375	285019.0	6800.0
-374	285317.0	6749.0
-373	285345.0	6875.0
-372	285719.0	6760.0
-371	284747.0	6706.0
-370	286086.0	6752.0
-369	285998.0	6780.0
-368	285344.0	6765.0
-367	285990.0	6710.0
-366	286709.0	6654.0
-365	286018.0	6821.0
-364	286906.0	6642.0
-363	287320.0	6804.0
-362	286674.0	6872.0
-361	286496.0	6675.0
-360	287367.0	6697.0
-359	287681.0	6667.0
-358	288079.0	6693.0
-357	287419.0	6507.0
-356	288032.0	6714.0
-355	288155.0	6676.0
-354	287929.0	6677.0
-353	288209.0	6660.0
-352	289382.0	6635.0
-351	288646.0	6559.0
-350	288950.0	6664.0
-349	289965.0	6599.0
-348	290218.0	6553.0
-347	289818.0	6552.0
-346	290272.0	6622.0
-345	290563.0	6533.0
-344	290108.0	6716.0
-343	290230.0	6672.0
-342	290632.0	6566.0
-341	290684.0	6626.0
-340	290879.0	6611.0
-339	291269.0	6704.0
-338	291426.0	6743.0
-337	290680.0	6599.0
-336	291963.0	6592.0
-335	292151.0	6527.0
-334	292412.0	6590.0
-333	292386.0	6650.0
-332	292918.0	6510.0
-331	292766.0	6654.0
-330	293958.0	6560.0
-329	292847.0	6618.0
-328	293516.0	6472.0
-327	293862.0	6625.0
-326	294016.0	6514.0
-325	294671.0	6553.0
-324	294248.0	6620.0
-323	294482.0	6512.0
-322	294398.0	6446.0
-321	294244.0	6428.0
-320	294246.0	6508.0
-319	295656.0	6573.0
-318	295595.0	6554.0
-317	294842.0	6553.0
-316	295394.0	6507.0
-315	295999.0	6631.0
-314	296207.0	6531.0
-313	296023.0	6492.0
-312	296985.0	6444.0
-311	296593.0	6444.0
-310	296940.0	6393.0
-309	298142.0	6503.0
-308	297446.0	6422.0
-307	296856.0	6441.0
-306	297748.0	6523.0
-305	298007.0	6461.0
-304	298241.0	6489.0
-303	298819.0	6370.0
-302	298419.0	6421.0
-301	298467.0	6410.0
-300	297645.0	6436.0
-299	298480.0	6456.0
-298	299427.0	6453.0
-297	299497.0	6519.0
-296	300379.0	6510.0
-295	299709.0	6447.0
-294	300628.0	6433.0
-293	300916.0	6330.0
-292	300509.0	6421.0
-291	300912.0	6444.0
-290	300800.0	6454.0
-289	301090.0	6458.0
-288	300767.0	6451.0
-287	300549.0	6424.0
-286	300724.0	6466.0
-285	301664.0	6416.0
-284	302184.0	6428.0
-283	302856.0	6427.0
-282	302603.0	6453.0
-281	302726.0	6314.0
-280	303019.0	6451.0
-279	302156.0	6460.0
-278	302814.0	6369.0
-277	302872.0	6329.0
-276	302968.0	6235.0
-275	303550.0	6298.0
-274	303956.0	6403.0
-273	303962.0	6289.0
-272	304431.0	6253.0
-271	304296.0	6473.0
-270	304975.0	6222.0
-269	305115.0	6279.0
-268	304893.0	6376.0
-267	305571.0	6369.0
-266	305157.0	6328.0
-265	306309.0	6329.0
-264	306291.0	6376.0
-263	307321.0	6267.0
-262	306646.0	6402.0
-261	307449.0	6214.0
-260	307088.0	6168.0
-259	307368.0	6280.0
-258	307604.0	6372.0
-257	308273.0	6183.0
-256	307485.0	6239.0
-255	309377.0	6182.0
-254	308605.0	6262.0
-253	308698.0	6213.0
-252	309096.0	6208.0
-251	309049.0	6303.0
-250	309662.0	6164.0
-249	309589.0	6219.0
-248	309752.0	6180.0
-247	310762.0	6157.0
-246	310211.0	6183.0
-245	309992.0	6123.0
-244	309744.0	6224.0
-243	310685.0	6188.0
-242	311332.0	6168.0
-241	311062.0	6121.0
-240	311795.0	6174.0
-239	311588.0	6030.0
-238	310700.0	6157.0
-237	312040.0	6103.0
-236	312082.0	6146.0
-235	312070.0	6174.0
-234	312562.0	6217.0
-233	312978.0	6102.0
-232	313287.0	6036.0
-231	314013.0	6163.0
-230	314465.0	6141.0
-229	314875.0	6174.0
-228	315712.0	6162.0
-227	315251.0	6177.0
-226	316053.0	6063.0
-225	315822.0	6210.0
-224	315931.0	6108.0
-223	316193.0	6188.0
-222	316562.0	6088.0
-221	317137.0	6031.0
-220	317674.0	6091.0
-219	316961.0	6042.0
-218	317130.0	6124.0
-217	316976.0	6176.0
-216	317859.0	6109.0
-215	318777.0	6219.0
-214	318890.0	6037.0
-213	318966.0	6129.0
-212	319565.0	6093.0
-211	319155.0	6135.0
-210	320087.0	6087.0
-209	320438.0	6059.0
-208	320361.0	6151.0
-207	320216.0	6113.0
-206	320961.0	6158.0
-205	321739.0	6179.0
-204	322516.0	5963.0
-203	322068.0	6004.0
-202	322583.0	5938.0
-201	322866.0	6018.0
-200	323493.0	5981.0
-199	323936.0	6139.0
-198	324009.0	6045.0
-197	324121.0	6149.0
-196	325061.0	6146.0
-195	324737.0	6046.0
-194	325175.0	6196.0
-193	325745.0	6029.0
-192	326727.0	6024.0
-191	326760.0	5968.0
-190	327431.0	6116.0
-189	327776.0	6055.0
-188	327358.0	5956.0
-187	328690.0	5992.0
-186	328944.0	6107.0
-185	329095.0	6089.0
-184	329758.0	6026.0
-183	330024.0	6050.0
-182	330413.0	6048.0
-181	330559.0	6004.0
-180	331650.0	6007.0
-179	332402.0	6001.0
-178	332559.0	6116.0
-177	333503.0	6014.0
-176	332850.0	6015.0
-175	333687.0	6026.0
-174	334630.0	6065.0
-173	334628.0	5999.0
-172	335058.0	6035.0
-171	335805.0	6024.0
-170	336491.0	5936.0
-169	336677.0	5966.0
-168	337339.0	6038.0
-167	337746.0	6110.0
-166	338403.0	6210.0
-165	339035.0	6116.0
-164	339534.0	6149.0
-163	339853.0	6105.0
-162	340375.0	6143.0
-161	340632.0	6054.0
-160	342347.0	6110.0
-159	342973.0	6115.0
-158	343591.0	5995.0
-157	344164.0	6023.0
-156	344492.0	6006.0
-155	345460.0	5971.0
-154	345432.0	5991.0
-153	345973.0	6106.0
-152	346849.0	5998.0
-151	347941.0	6143.0
-150	348324.0	5907.0
-149	349160.0	6039.0
-148	350803.0	6081.0
-147	351264.0	6024.0
-146	352150.0	6024.0
-145	352634.0	6002.0
-144	353462.0	6054.0
-143	353545.0	6045.0
-142	355017.0	6180.0
-141	356216.0	5923.0
-140	356184.0	6067.0
-139	356951.0	5988.0
-138	358119.0	5990.0
-137	358287.0	6130.0
-136	360588.0	5894.0
-135	361405.0	6006.0
-134	362675.0	5981.0
-133	362335.0	5998.0
-132	364196.0	6039.0
-131	364307.0	6011.0
-130	365096.0	6038.0
-129	366282.0	6084.0
-128	367461.0	5944.0
-127	368012.0	6071.0
-126	370150.0	6054.0
-125	370964.0	6082.0
-124	371240.0	6010.0
-123	372529.0	6070.0
-122	373583.0	6034.0
-121	374186.0	5986.0
-120	376713.0	5998.0
-119	377395.0	6029.0
-118	378266.0	6014.0
-117	380032.0	6071.0
-116	380045.0	6041.0
-115	381445.0	6068.0
-114	383086.0	6147.0
-113	384684.0	6083.0
-112	384244.0	5992.0
-111	387065.0	5993.0
-110	387510.0	6053.0
-109	388886.0	6073.0
-108	390443.0	6101.0
-107	392582.0	5962.0
-106	392285.0	5992.0
-105	394109.0	6037.0
-104	395439.0	5915.0
-103	397680.0	6012.0
-102	398486.0	6134.0
-101	399165.0	6138.0
-100	400709.0	5948.0
-99	402127.0	5976.0
-98	402619.0	6191.0
-97	404230.0	6158.0
-96	405795.0	6082.0
-95	406336.0	6178.0
-94	408334.0	6131.0
-93	411354.0	6005.0
-92	412927.0	6160.0
-91	414748.0	6160.0
-90	416554.0	6152.0
-89	418441.0	6139.0
-88	421228.0	6159.0
-87	424789.0	6212.0
-86	426856.0	6122.0
-85	429552.0	6137.0
-84	433585.0	6126.0
-83	436705.0	6120.0
-82	439241.0	6024.0
-81	441408.0	6192.0
-80	441668.0	6218.0
-79	442000.0	6221.0
-78	442713.0	6144.0
-77	444896.0	6130.0
-76	443039.0	6328.0
-75	454307.0	6201.0
-74	443384.0	6134.0
-73	450050.0	6288.0
-72	453842.0	6333.0
-71	456891.0	6228.0
-70	455356.0	6209.0
-69	455930.0	6212.0
-68	454117.0	6175.0
-67	456616.0	6291.0
-66	460273.0	6338.0
-65	476615.0	6254.0
-64	478598.0	6232.0
-63	470169.0	6199.0
-62	469536.0	6373.0
-61	471012.0	6337.0
-60	479169.0	6333.0
-59	480836.0	6320.0
-58	481057.0	6353.0
-57	482572.0	6498.0
-56	483193.0	6441.0
-55	487746.0	6408.0
-54	490827.0	6462.0
-53	493084.0	6517.0
-52	496472.0	6500.0
-51	499068.0	6470.0
-50	501908.0	6395.0
-49	504384.0	6593.0
-48	506920.0	6475.0
-47	508307.0	6482.0
-46	511312.0	6452.0
-45	513877.0	6525.0
-44	514552.0	6589.0
-43	517113.0	6653.0
-42	521223.0	6571.0
-41	522316.0	6556.0
-40	525610.0	6581.0
-39	526318.0	6546.0
-38	527577.0	6695.0
-37	530073.0	6700.0
-36	532648.0	6591.0
-35	533172.0	6692.0
-34	536015.0	6742.0
-33	539867.0	6717.0
-32	542341.0	6677.0
-31	542965.0	6722.0
-30	545431.0	6726.0
-29	547929.0	6580.0
-28	549782.0	6724.0
-27	552484.0	6764.0
-26	554578.0	6702.0
-25	556346.0	6704.0
-24	560447.0	6688.0
-23	562443.0	6684.0
-22	564637.0	6821.0
-21	567965.0	6739.0
-20	568723.0	6852.0
-19	571256.0	6764.0
-18	574577.0	6944.0
-17	577001.0	6836.0
-16	579334.0	6856.0
-15	578851.0	6919.0
-14	580092.0	6846.0
-13	581343.0	6722.0
-12	586016.0	6858.0
-11	589220.0	6892.0
-10	597023.0	6946.0
-9	586566.0	6784.0
-8	597183.0	6977.0
-7	603515.0	6968.0
-6	610580.0	7101.0
-5	616077.0	7180.0
-4	625381.0	7244.0
-3	630094.0	7336.0
-2	671785.0	7396.0
-1	694345.0	7473.0
0	351908.0	7805.0
1	787032.0	7394.0
2	722829.0	7508.0
3	683221.0	7455.0
4	671602.0	7507.0
5	676123.0	7199.0
6	664251.0	6960.0
7	665113.0	6943.0
8	650102.0	6978.0
9	633427.0	6968.0
10	641348.0	7637.0
11	633937.0	7600.0
12	626946.0	7477.0
13	624068.0	7301.0
14	621391.0	7307.0
15	619824.0	7443.0
16	617472.0	7376.0
17	616028.0	7410.0
18	614862.0	7467.0
19	611846.0	7292.0
20	608901.0	7291.0
21	606286.0	7290.0
22	603967.0	7398.0
23	601143.0	7444.0
24	600512.0	7449.0
25	597748.0	7370.0
26	595466.0	7253.0
27	592227.0	7441.0
28	588998.0	7447.0
29	586779.0	7410.0
30	585382.0	7260.0
31	581843.0	7315.0
32	579900.0	7214.0
33	577788.0	7193.0
34	575093.0	7245.0
35	572039.0	7214.0
36	569518.0	7320.0
37	567929.0	7199.0
38	565042.0	7282.0
39	564676.0	7227.0
40	561625.0	7210.0
41	559990.0	6999.0
42	556343.0	7027.0
43	553631.0	7128.0
44	551893.0	7152.0
45	550865.0	7044.0
46	548410.0	7304.0
47	545947.0	7047.0
48	543171.0	7148.0
49	540190.0	7094.0
50	537679.0	7092.0
51	536780.0	7085.0
52	533052.0	7141.0
53	531611.0	7032.0
54	530413.0	7148.0
55	526551.0	7004.0
56	521463.0	7190.0
57	522442.0	7106.0
58	521690.0	7163.0
59	521826.0	7201.0
60	518866.0	7093.0
61	507162.0	7046.0
62	508080.0	7099.0
63	507424.0	7232.0
64	517868.0	7173.0
65	513756.0	7189.0
66	494165.0	6801.0
67	489656.0	6906.0
68	488803.0	6879.0
69	488968.0	6923.0
70	490558.0	6877.0
71	491801.0	6746.0
72	488529.0	6662.0
73	482554.0	6924.0
74	475172.0	7032.0
75	485574.0	8888.0
76	473295.0	7091.0
77	475645.0	6989.0
78	475027.0	6639.0
79	473220.0	6537.0
80	472460.0	6828.0
81	470842.0	6870.0
82	467569.0	6980.0
83	465560.0	6575.0
84	462025.0	6566.0
85	458106.0	6821.0
86	455257.0	6771.0
87	452052.0	6702.0
88	448122.0	6688.0
89	445735.0	6611.0
90	443733.0	6588.0
91	440884.0	6700.0
92	437924.0	6561.0
93	436939.0	6573.0
94	436443.0	6624.0
95	433364.0	6533.0
96	432707.0	6378.0
97	430680.0	6577.0
98	429243.0	6594.0
99	426498.0	6420.0
100	425208.0	6502.0
101	422952.0	6418.0
102	422152.0	6423.0
103	420001.0	6351.0
104	419104.0	6407.0
105	417072.0	6233.0
106	415386.0	6431.0
107	414357.0	6263.0
108	413167.0	6358.0
109	411366.0	6299.0
110	409629.0	6380.0
111	407984.0	6335.0
112	406777.0	6453.0
113	405451.0	6294.0
114	404072.0	6299.0
115	401935.0	6183.0
116	400235.0	6287.0
117	398982.0	6276.0
118	397761.0	6165.0
119	396836.0	6121.0
120	395208.0	6229.0
121	392965.0	6118.0
122	391908.0	6142.0
123	390470.0	6161.0
124	388866.0	6043.0
125	387812.0	6139.0
126	386707.0	6216.0
127	385360.0	6155.0
128	383124.0	6009.0
129	382010.0	5945.0
130	381331.0	6035.0
131	379900.0	5998.0
132	378661.0	6036.0
133	377685.0	6007.0
134	376175.0	6131.0
135	375047.0	6065.0
136	374455.0	5779.0
137	373630.0	5908.0
138	371730.0	6040.0
139	371418.0	6342.0
140	370277.0	6136.0
141	368449.0	5861.0
142	367901.0	5928.0
143	366718.0	5894.0
144	364780.0	5882.0
145	364119.0	6012.0
146	363143.0	6118.0
147	361991.0	5905.0
148	361021.0	5763.0
149	360596.0	5817.0
150	360125.0	5990.0
151	358787.0	5783.0
152	357304.0	5729.0
153	356793.0	5761.0
154	355483.0	5834.0
155	355265.0	5826.0
156	354557.0	5777.0
157	353628.0	5900.0
158	353030.0	5905.0
159	352027.0	5980.0
160	351550.0	5719.0
161	350660.0	5656.0
162	350218.0	5719.0
163	348921.0	5719.0
164	348615.0	5669.0
165	348434.0	5594.0
166	347758.0	5721.0
167	347463.0	5679.0
168	346596.0	5742.0
169	346062.0	5722.0
170	345398.0	5631.0
171	344858.0	5639.0
172	343822.0	5600.0
173	343118.0	5652.0
174	342470.0	5730.0
175	341286.0	5568.0
176	341260.0	5631.0
177	340969.0	5654.0
178	340007.0	5594.0
179	339865.0	5604.0
180	339022.0	5761.0
181	338287.0	5512.0
182	338619.0	5583.0
183	337421.0	5763.0
184	336412.0	5589.0
185	336531.0	5601.0
186	335511.0	5546.0
187	335437.0	5626.0
188	334807.0	5566.0
189	334888.0	5609.0
190	335069.0	5553.0
191	334404.0	5608.0
192	333724.0	5628.0
193	332866.0	5634.0
194	332747.0	5552.0
195	333370.0	5698.0
196	332251.0	5618.0
197	331409.0	5517.0
198	331172.0	5448.0
199	331582.0	5500.0
200	331359.0	5526.0
201	330500.0	5672.0
202	330247.0	5570.0
203	329238.0	5579.0
204	328249.0	5645.0
205	327953.0	5576.0
206	327354.0	5496.0
207	327525.0	5595.0
208	327004.0	5568.0
209	326087.0	5575.0
210	325742.0	5582.0
211	325163.0	5575.0
212	325983.0	5546.0
213	325927.0	5595.0
214	325001.0	5604.0
215	324998.0	5652.0
216	324648.0	5626.0
217	323814.0	5600.0
218	323977.0	5576.0
219	323711.0	5513.0
220	323711.0	5675.0
221	322981.0	5591.0
222	322263.0	5479.0
223	322583.0	5702.0
224	321781.0	5465.0
225	322038.0	5596.0
226	321420.0	5641.0
227	320941.0	5655.0
228	321110.0	5523.0
229	321541.0	5488.0
230	321158.0	5566.0
231	320795.0	5551.0
232	320908.0	5500.0
233	319915.0	5521.0
234	319342.0	5547.0
235	319732.0	5560.0
236	320207.0	5501.0
237	319654.0	5488.0
238	319617.0	5558.0
239	319480.0	5549.0
240	318855.0	5416.0
241	318960.0	5471.0
242	318718.0	5539.0
243	318484.0	5473.0
244	318502.0	5390.0
245	316505.0	5475.0
246	317635.0	5535.0
247	316921.0	5514.0
248	316665.0	5530.0
249	316421.0	5517.0
250	315963.0	5506.0
251	316350.0	5461.0
252	315592.0	5595.0
253	315196.0	5477.0
254	314792.0	5389.0
255	315053.0	5514.0
256	314243.0	5525.0
257	314083.0	5453.0
258	314510.0	5574.0
259	313830.0	5473.0
260	313525.0	5489.0
261	313156.0	5400.0
262	312528.0	5531.0
263	312502.0	5429.0
264	312291.0	5445.0
265	311781.0	5439.0
266	311812.0	5406.0
267	311123.0	5508.0
268	311814.0	5379.0
269	311456.0	5570.0
270	310814.0	5450.0
271	310661.0	5500.0
272	310223.0	5533.0
273	310330.0	5552.0
274	309001.0	5492.0
275	308654.0	5481.0
276	308879.0	5255.0
277	308585.0	5448.0
278	308986.0	5492.0
279	308844.0	5458.0
280	308489.0	5467.0
281	308116.0	5418.0
282	307890.0	5464.0
283	307393.0	5370.0
284	306486.0	5433.0
285	307324.0	5454.0
286	306396.0	5497.0
287	306411.0	5429.0
288	305876.0	5454.0
289	306086.0	5396.0
290	306064.0	5418.0
291	305169.0	5451.0
292	305314.0	5385.0
293	305694.0	5516.0
294	305207.0	5460.0
295	304787.0	5576.0
296	304194.0	5477.0
297	304345.0	5444.0
298	304318.0	5500.0
299	303719.0	5381.0
300	303960.0	5491.0
301	303943.0	5415.0
302	303285.0	5418.0
303	303266.0	5504.0
304	302381.0	5482.0
305	302780.0	5506.0
306	303526.0	5443.0
307	302150.0	5417.0
308	301325.0	5403.0
309	301853.0	5439.0
310	301779.0	5548.0
311	302119.0	5491.0
312	301288.0	5298.0
313	300484.0	5478.0
314	300587.0	5459.0
315	301237.0	5599.0
316	300370.0	5505.0
317	300013.0	5559.0
318	299451.0	5451.0
319	299333.0	5544.0
320	299166.0	5391.0
321	298758.0	5473.0
322	299087.0	5503.0
323	298259.0	5634.0
324	299184.0	5407.0
325	298507.0	5406.0
326	298233.0	5529.0
327	297961.0	5481.0
328	298090.0	5417.0
329	297544.0	5366.0
330	297749.0	5570.0
331	297417.0	5519.0
332	296195.0	5517.0
333	296152.0	5335.0
334	296287.0	5452.0
335	295422.0	5468.0
336	295951.0	5449.0
337	295438.0	5506.0
338	295355.0	5416.0
339	295554.0	5517.0
340	294845.0	5458.0
341	294421.0	5469.0
342	295172.0	5582.0
343	294609.0	5516.0
344	294233.0	5480.0
345	293951.0	5446.0
346	293727.0	5382.0
347	293395.0	5436.0
348	293656.0	5521.0
349	293168.0	5490.0
350	293195.0	5488.0
351	292946.0	5370.0
352	293012.0	5444.0
353	292631.0	5429.0
354	292466.0	5435.0
355	291744.0	5444.0
356	291108.0	5435.0
357	291945.0	5518.0
358	290617.0	5423.0
359	291105.0	5496.0
360	290744.0	5472.0
361	291360.0	5453.0
362	290944.0	5390.0
363	291289.0	5557.0
364	290668.0	5556.0
365	290444.0	5444.0
366	289900.0	5445.0
367	289274.0	5427.0
368	289090.0	5461.0
369	288795.0	5464.0
370	289648.0	5508.0
371	290068.0	5573.0
372	288488.0	5548.0
373	289066.0	5572.0
374	287908.0	5613.0
375	288049.0	5573.0
376	288019.0	5602.0
377	287704.0	5623.0
378	287310.0	5457.0
379	286922.0	5578.0
380	287166.0	5559.0
381	286331.0	5523.0
382	285788.0	5705.0
383	285979.0	5488.0
384	286032.0	5533.0
385	286098.0	5532.0
386	285726.0	5579.0
387	286001.0	5597.0
388	284934.0	5472.0
389	284577.0	5577.0
390	284726.0	5567.0
391	285011.0	5683.0
392	285212.0	5682.0
393	284592.0	5610.0
394	284275.0	5641.0
395	283350.0	5659.0
396	283953.0	5716.0
397	283283.0	5641.0
398	282616.0	5681.0
399	283169.0	5680.0
400	283084.0	5803.0
401	282591.0	5754.0
402	282589.0	5752.0
403	281419.0	5693.0
404	282390.0	5699.0
405	281605.0	5723.0
406	281153.0	5726.0
407	281378.0	5725.0
408	280984.0	5868.0
409	280946.0	5646.0
410	280167.0	5658.0
411	280330.0	5747.0
412	280340.0	5766.0
413	280767.0	5798.0
414	281035.0	5713.0
415	281221.0	5745.0
416	280237.0	5834.0
417	279473.0	5754.0
418	280293.0	5720.0
419	280015.0	5701.0
420	279708.0	5776.0
421	279953.0	5800.0
422	278971.0	5772.0
423	279371.0	5799.0
424	278379.0	5783.0
425	278476.0	5818.0
426	278163.0	5811.0
427	277790.0	5840.0
428	277864.0	5745.0
429	277952.0	5870.0
430	277840.0	5753.0
431	277527.0	5809.0
432	277074.0	5751.0
433	276357.0	5833.0
434	276257.0	5747.0
435	276217.0	5770.0
436	276326.0	5791.0
437	276451.0	5912.0
438	275785.0	5869.0
439	275748.0	5940.0
440	275515.0	5882.0
441	275529.0	5824.0
442	275722.0	5823.0
443	275208.0	5748.0
444	274462.0	5888.0
445	274792.0	5749.0
446	274594.0	5791.0
447	274475.0	5825.0
448	274994.0	5847.0
449	274839.0	5790.0
450	273909.0	5734.0
451	274093.0	5855.0
452	273555.0	5780.0
453	273905.0	5835.0
454	273728.0	5767.0
455	273535.0	5683.0
456	273484.0	5850.0
457	272983.0	5767.0
458	272720.0	5662.0
459	273062.0	5771.0
460	273107.0	5737.0
461	272792.0	5755.0
462	272845.0	5758.0
463	272177.0	5782.0
464	271732.0	5854.0
465	272278.0	5815.0
466	272121.0	5829.0
467	271298.0	5839.0
468	271702.0	5771.0
469	271551.0	5679.0
470	271185.0	5861.0
471	270888.0	5801.0
472	270161.0	5751.0
473	270717.0	5731.0
474	270747.0	5733.0
475	270275.0	5622.0
476	269766.0	5704.0
477	269785.0	5744.0
478	269788.0	5708.0
479	269776.0	5878.0
480	269533.0	5845.0
481	269600.0	5869.0
482	268503.0	5747.0
483	268701.0	5632.0
484	269144.0	5623.0
485	268537.0	5757.0
486	267843.0	5703.0
487	267849.0	5708.0
488	267800.0	5846.0
489	267544.0	5744.0
490	267036.0	5728.0
491	268266.0	5812.0
492	266964.0	5732.0
493	267803.0	5815.0
494	266675.0	5704.0
495	266095.0	5742.0
496	266124.0	5788.0
497	266208.0	5887.0
498	266521.0	5872.0
499	266198.0	5921.0
500	265708.0	5890.0
501	265378.0	5841.0
502	265677.0	5847.0
503	265190.0	5859.0
504	265582.0	5776.0
505	265272.0	5751.0
506	265241.0	5866.0
507	265231.0	5730.0
508	265254.0	5723.0
509	264781.0	5712.0
510	264810.0	5738.0
511	264941.0	5760.0
512	264659.0	5814.0
513	264138.0	5920.0
514	263875.0	5818.0
515	263663.0	5833.0
516	263430.0	5829.0
517	263829.0	5800.0
518	263693.0	5799.0
519	264069.0	5851.0
520	264207.0	5754.0
521	263988.0	5890.0
522	263744.0	5836.0
523	262996.0	5712.0
524	263039.0	5838.0
525	263168.0	5800.0
526	263487.0	5778.0
527	263420.0	5862.0
528	262766.0	5788.0
529	262533.0	5877.0
530	262558.0	5866.0
531	262979.0	5852.0
532	263060.0	5971.0
533	262611.0	6034.0
534	263031.0	5934.0
535	262058.0	5815.0
536	261913.0	5908.0
537	261692.0	5864.0
538	262153.0	5915.0
539	262467.0	5956.0
540	261906.0	5969.0
541	261944.0	5920.0
542	260997.0	5912.0
543	261539.0	5831.0
544	260751.0	5805.0
545	260842.0	5896.0
546	260960.0	5883.0
547	260728.0	5959.0
548	260480.0	5830.0
549	260425.0	5839.0
550	260118.0	5898.0
551	260449.0	5877.0
552	259885.0	5787.0
553	260124.0	5954.0
554	259912.0	5880.0
555	259320.0	5847.0
556	259743.0	6091.0
557	259695.0	5991.0
558	259590.0	5951.0
559	259080.0	5921.0
560	259202.0	5955.0
561	260124.0	5793.0
562	259583.0	5956.0
563	259418.0	5827.0
564	258275.0	5925.0
565	258429.0	5934.0
566	259070.0	5890.0
567	258617.0	5949.0
568	257998.0	5892.0
569	257972.0	5852.0
570	258662.0	5945.0
571	257786.0	5872.0
572	257470.0	5845.0
573	257360.0	5810.0
574	257529.0	6017.0
575	257937.0	6147.0
576	257701.0	5988.0
577	257448.0	6085.0
578	257309.0	5999.0
579	257396.0	6029.0
580	257046.0	5923.0
581	257106.0	5957.0
582	256934.0	5870.0
583	257194.0	5971.0
584	256259.0	5927.0
585	256620.0	5998.0
586	256246.0	5963.0
587	255725.0	6046.0
588	256725.0	5931.0
589	255757.0	5971.0
590	256132.0	5826.0
591	255839.0	6034.0
592	255177.0	5879.0
593	255031.0	6001.0
594	255386.0	5990.0
595	255466.0	5979.0
596	255774.0	6007.0
597	254933.0	5962.0
598	254573.0	5863.0
599	254388.0	5996.0
600	253846.0	5998.0
601	254509.0	5938.0
602	254078.0	5986.0
603	254696.0	6078.0
604	253840.0	6000.0
605	253821.0	6001.0
606	254529.0	5920.0
607	253709.0	5964.0
608	254438.0	5998.0
609	253660.0	5982.0
610	254009.0	5966.0
611	253678.0	5969.0
612	253474.0	6035.0
613	253341.0	6006.0
614	252818.0	5983.0
615	253568.0	5987.0
616	253860.0	5929.0
617	253289.0	6017.0
618	252794.0	5956.0
619	253404.0	5887.0
620	252718.0	5858.0
621	252606.0	6004.0
622	252142.0	5992.0
623	252368.0	6117.0
624	252916.0	6033.0
625	252840.0	5980.0
626	253120.0	6023.0
627	252412.0	6051.0
628	252077.0	5865.0
629	250952.0	6030.0
630	250788.0	6011.0
631	251021.0	5995.0
632	250893.0	6060.0
633	251176.0	5941.0
634	250639.0	6035.0
635	251223.0	6092.0
636	250854.0	5980.0
637	250002.0	6038.0
638	249418.0	6067.0
639	250170.0	6147.0
640	250258.0	5901.0
641	250489.0	6100.0
642	249359.0	6125.0
643	250560.0	6079.0
644	249451.0	6026.0
645	249781.0	6075.0
646	250650.0	6089.0
647	249898.0	6033.0
648	249276.0	6054.0
649	249066.0	6015.0
650	249238.0	5965.0
651	248665.0	6081.0
652	248821.0	6087.0
653	248929.0	5932.0
654	249240.0	5905.0
655	249042.0	6132.0
656	249533.0	6064.0
657	249072.0	6186.0
658	248974.0	6150.0
659	248773.0	6250.0
660	248455.0	6331.0
661	248000.0	6137.0
662	247917.0	6161.0
663	247672.0	6112.0
664	247952.0	6088.0
665	247776.0	6050.0
666	247348.0	5974.0
667	247591.0	5943.0
668	246823.0	6013.0
669	247099.0	6037.0
670	246974.0	6111.0
671	246592.0	6064.0
672	246394.0	5982.0
673	245987.0	6006.0
674	246336.0	6054.0
675	246385.0	6109.0
676	245952.0	6239.0
677	245475.0	6047.0
678	246512.0	6061.0
679	245739.0	5945.0
680	245507.0	6056.0
681	245842.0	6025.0
682	245400.0	6161.0
683	245644.0	6103.0
684	246067.0	6126.0
685	245505.0	6056.0
686	244948.0	6022.0
687	244398.0	6106.0
688	244840.0	6036.0
689	244945.0	6070.0
690	244769.0	5968.0
691	244753.0	5975.0
692	245505.0	6001.0
693	244953.0	5987.0
694	244031.0	6101.0
695	243861.0	6103.0
696	244216.0	6009.0
697	243319.0	6024.0
698	244092.0	6166.0
699	243523.0	6073.0
700	243001.0	6097.0
701	243080.0	6089.0
702	241835.0	6115.0
703	241512.0	6033.0
704	242152.0	6092.0
705	242656.0	6015.0
706	241914.0	6083.0
707	241562.0	6081.0
708	241578.0	6202.0
709	241216.0	6108.0
710	241318.0	6106.0
711	240957.0	6094.0
712	240948.0	6046.0
713	241383.0	6134.0
714	240665.0	5986.0
715	240288.0	6084.0
716	240343.0	6089.0
717	240571.0	6148.0
718	241272.0	6220.0
719	241275.0	6160.0
720	239861.0	6176.0
721	240248.0	6202.0
722	239903.0	6095.0
723	240199.0	6138.0
724	239934.0	6089.0
725	240242.0	6214.0
726	239714.0	6074.0
727	239581.0	6136.0
728	239273.0	6164.0
729	240124.0	6079.0
730	239559.0	6149.0
731	239247.0	6118.0
732	238488.0	6073.0
733	238935.0	6172.0
734	239165.0	6006.0
735	239120.0	6055.0
736	238860.0	5902.0
737	238542.0	6206.0
738	237650.0	6265.0
739	237901.0	6094.0
740	238867.0	6160.0
741	238154.0	6069.0
742	238169.0	6083.0
743	238007.0	6121.0
744	237731.0	6091.0
745	237367.0	6001.0
746	237940.0	6177.0
747	238417.0	6245.0
748	237838.0	6184.0
749	237608.0	6196.0
750	237496.0	6049.0
751	237314.0	6085.0
752	237241.0	6140.0
753	237183.0	6060.0
754	236885.0	6090.0
755	237384.0	6147.0
756	237347.0	6196.0
757	237351.0	6114.0
758	236487.0	6008.0
759	236498.0	6094.0
760	236204.0	6117.0
761	235851.0	6137.0
762	236574.0	6102.0
763	235522.0	6124.0
764	236241.0	6129.0
765	235805.0	6051.0
766	236310.0	5970.0
767	236233.0	5951.0
768	236256.0	6025.0
769	235719.0	5998.0
770	236188.0	6001.0
771	236316.0	6030.0
772	235781.0	6150.0
773	235302.0	6084.0
774	235221.0	6062.0
775	235480.0	6225.0
776	234959.0	6022.0
777	235030.0	5952.0
778	235890.0	6025.0
779	234881.0	6019.0
780	235852.0	6119.0
781	234838.0	6121.0
782	235188.0	5989.0
783	234940.0	6094.0
784	234910.0	6027.0
785	234442.0	5999.0
786	234968.0	6066.0
787	235083.0	6065.0
788	234508.0	6074.0
789	234342.0	6082.0
790	235253.0	5972.0
791	234818.0	6036.0
792	234536.0	6132.0
793	235290.0	6162.0
794	234709.0	6020.0
795	235667.0	6073.0
796	235942.0	6102.0
797	234135.0	6097.0
798	234717.0	6037.0
799	234660.0	6119.0
800	234883.0	6147.0
801	233454.0	6073.0
802	234337.0	6030.0
803	234277.0	6171.0
804	234150.0	6202.0
805	234255.0	6129.0
806	233851.0	6125.0
807	233572.0	6126.0
808	233647.0	6024.0
809	234062.0	6050.0
810	233326.0	6148.0
811	233118.0	5920.0
812	234037.0	6061.0
813	233968.0	6105.0
814	233233.0	6089.0
815	233374.0	6071.0
816	233521.0	6072.0
817	233079.0	6053.0
818	232620.0	6018.0
819	232620.0	6045.0
820	233181.0	5996.0
821	233449.0	6022.0
822	232941.0	6078.0
823	232760.0	6092.0
824	233535.0	6197.0
825	233004.0	6166.0
826	232685.0	6048.0
827	232175.0	6028.0
828	232587.0	6130.0
829	232512.0	6104.0
830	232047.0	6044.0
831	232819.0	6190.0
832	232894.0	6147.0
833	232202.0	6059.0
834	232330.0	6032.0
835	231991.0	6124.0
836	232438.0	6183.0
837	232496.0	6144.0
838	233805.0	6048.0
839	234210.0	6092.0
840	233249.0	6211.0
841	232084.0	6077.0
842	230975.0	6119.0
843	231754.0	6205.0
844	231733.0	6200.0
845	232324.0	6297.0
846	231855.0	6126.0
847	231712.0	6110.0
848	231278.0	6196.0
849	231428.0	6179.0
850	231637.0	6274.0
851	231449.0	6260.0
852	231225.0	6201.0
853	231830.0	6089.0
854	231320.0	6116.0
855	230561.0	6282.0
856	230443.0	6227.0
857	230522.0	6050.0
858	230994.0	6187.0
859	229791.0	6089.0
860	230348.0	6156.0
861	230400.0	6112.0
862	230513.0	6131.0
863	230586.0	6173.0
864	230327.0	6091.0
865	230246.0	6117.0
866	230136.0	6160.0
867	229941.0	6179.0
868	231106.0	6165.0
869	231485.0	6063.0
870	230481.0	6219.0
871	230316.0	6097.0
872	229621.0	6127.0
873	228626.0	5999.0
874	229122.0	6152.0
875	228524.0	6112.0
876	228666.0	6189.0
877	229384.0	6146.0
878	228717.0	6237.0
879	228450.0	6215.0
880	227890.0	6093.0
881	227920.0	6162.0
882	228233.0	6222.0
883	228324.0	6197.0
884	228923.0	6201.0
885	228436.0	6138.0
886	227570.0	6193.0
887	228128.0	6072.0
888	227928.0	6060.0
889	228017.0	6238.0
890	228389.0	6169.0
891	227401.0	6054.0
892	227336.0	6166.0
893	227432.0	6131.0
894	227072.0	6031.0
895	227286.0	6063.0
896	226909.0	6110.0
897	226855.0	6151.0
898	226670.0	6188.0
899	226147.0	6156.0
900	227058.0	6194.0
901	226900.0	6114.0
902	225998.0	6134.0
903	226022.0	6218.0
904	226131.0	6160.0
905	225908.0	6000.0
906	225585.0	6104.0
907	225672.0	6173.0
908	226144.0	6085.0
909	225555.0	6042.0
910	225800.0	6148.0
911	225861.0	6162.0
912	225118.0	6155.0
913	225727.0	6206.0
914	225555.0	6189.0
915	225702.0	6164.0
916	225602.0	6280.0
917	225395.0	6284.0
918	224623.0	6139.0
919	225268.0	6198.0
920	225325.0	6201.0
921	224793.0	6156.0
922	224484.0	6134.0
923	224785.0	6191.0
924	224829.0	6129.0
925	224499.0	6197.0
926	223567.0	6302.0
927	224145.0	6211.0
928	223509.0	6095.0
929	222863.0	6190.0
930	224175.0	6195.0
931	224964.0	6351.0
932	224484.0	6191.0
933	223159.0	6184.0
934	222981.0	6120.0
935	222879.0	6288.0
936	222679.0	6265.0
937	222270.0	6141.0
938	222524.0	6119.0
939	223055.0	6176.0
940	223487.0	6177.0
941	223496.0	6048.0
942	223491.0	6009.0
943	222957.0	6118.0
944	222596.0	6219.0
945	222994.0	6128.0
946	222929.0	6119.0
947	223733.0	6201.0
948	223687.0	6205.0
949	222783.0	6163.0
950	223470.0	6097.0
951	222839.0	6128.0
952	222996.0	6173.0
953	222538.0	6145.0
954	223390.0	6166.0
955	223876.0	6216.0
956	223555.0	6158.0
957	222982.0	6259.0
958	222046.0	6323.0
959	222642.0	6370.0
960	221922.0	6228.0
961	221332.0	6155.0
962	221487.0	6289.0
963	221490.0	6271.0
964	220757.0	6078.0
965	221040.0	6196.0
966	221555.0	6257.0
967	221724.0	6290.0
968	221554.0	6300.0
969	220924.0	6288.0
970	221852.0	6101.0
971	219986.0	6271.0
972	220940.0	6306.0
973	220438.0	6008.0
974	220511.0	6157.0
975	220810.0	6230.0
976	220564.0	6283.0
977	220043.0	6161.0
978	220381.0	6265.0
979	220392.0	6253.0
980	220775.0	6238.0
981	221291.0	6322.0
982	220241.0	6264.0
983	220325.0	6273.0
984	220222.0	6305.0
985	219522.0	6242.0
986	220290.0	6322.0
987	220259.0	6270.0
988	220123.0	6282.0
989	219196.0	6361.0
990	218858.0	6276.0
991	219365.0	6161.0
992	219662.0	6137.0
993	219204.0	6187.0
994	220158.0	6045.0
995	219970.0	6224.0
996	219310.0	6202.0
997	218860.0	6269.0
998	219000.0	6138.0
999	219389.0	6210.0
1000	219168.0	6150.0
1001	219625.0	6084.0
1002	218612.0	6234.0
1003	219208.0	6103.0
1004	219176.0	6226.0
1005	218553.0	6138.0
1006	218606.0	6203.0
1007	218336.0	6243.0
1008	218741.0	6248.0
1009	218508.0	6210.0
1010	217791.0	6264.0
1011	217837.0	6203.0
1012	217926.0	6184.0
1013	217923.0	6245.0
1014	217532.0	6163.0
1015	218212.0	6105.0
1016	217760.0	6247.0
1017	217144.0	6230.0
1018	217671.0	6074.0
1019	217801.0	6133.0
1020	217313.0	6247.0
1021	217089.0	6113.0
1022	217253.0	6090.0
1023	217476.0	6153.0
1024	216815.0	6096.0
1025	217131.0	6153.0
1026	217357.0	6137.0
1027	217002.0	6246.0
1028	216680.0	6135.0
1029	216991.0	5999.0
1030	217525.0	6066.0
1031	217369.0	6161.0
1032	217764.0	6229.0
1033	216667.0	6241.0
1034	216545.0	6163.0
1035	216170.0	6164.0
1036	216519.0	6079.0
1037	215513.0	6159.0
1038	216556.0	6243.0
1039	216260.0	6146.0
1040	216802.0	6050.0
1041	216377.0	6131.0
1042	216690.0	6137.0
1043	215841.0	6046.0
1044	216213.0	6293.0
1045	216540.0	6160.0
1046	215763.0	6189.0
1047	216484.0	6064.0
1048	216473.0	6029.0
1049	215496.0	6147.0
1050	215987.0	6108.0
1051	216248.0	6161.0
1052	216381.0	6130.0
1053	215350.0	6215.0
1054	215658.0	6218.0
1055	216005.0	6215.0
1056	216235.0	6071.0
1057	215485.0	6124.0
1058	215489.0	6032.0
1059	214907.0	6234.0
1060	215686.0	6125.0
1061	214766.0	6101.0
1062	215549.0	6203.0
1063	214932.0	6274.0
1064	215229.0	6103.0
1065	215475.0	6159.0
1066	215420.0	6074.0
1067	215102.0	6097.0
1068	215126.0	6126.0
1069	214395.0	5984.0
1070	215315.0	6040.0
1071	215396.0	6036.0
1072	215579.0	6162.0
1073	214747.0	6145.0
1074	214981.0	6206.0
1075	215677.0	6041.0
1076	214849.0	6227.0
1077	216034.0	6133.0
1078	214998.0	6133.0
1079	213746.0	6258.0
1080	214072.0	6164.0
1081	214222.0	6162.0
1082	214635.0	6025.0
1083	214876.0	6141.0
1084	213485.0	6198.0
1085	214526.0	5978.0
1086	215077.0	6046.0
1087	213738.0	6123.0
1088	213770.0	6042.0
1089	213449.0	6288.0
1090	213760.0	6129.0
1091	214217.0	6094.0
1092	214045.0	6151.0
1093	213956.0	6249.0
1094	213360.0	6176.0
1095	213735.0	6255.0
1096	213596.0	6167.0
1097	213911.0	6087.0
1098	213566.0	6100.0
1099	213995.0	6129.0
1100	213558.0	6090.0
1101	213917.0	6093.0
1102	213802.0	6180.0
1103	213441.0	6008.0
1104	213450.0	6074.0
1105	212810.0	6112.0
1106	213439.0	6077.0
1107	213280.0	5991.0
1108	213365.0	6106.0
1109	213392.0	6232.0
1110	213393.0	6122.0
1111	213484.0	6062.0
1112	212925.0	6111.0
1113	212260.0	6149.0
1114	212795.0	6190.0
1115	213648.0	6067.0
1116	214346.0	6091.0
1117	214431.0	6073.0
1118	214148.0	6036.0
1119	213603.0	6095.0
1120	213126.0	6040.0
1121	213389.0	6137.0
1122	213147.0	6087.0
1123	212423.0	6158.0
1124	212357.0	6103.0
1125	212395.0	5996.0
1126	212196.0	6186.0
1127	211603.0	6069.0
1128	212442.0	6112.0
1129	212841.0	6053.0
1130	212348.0	6142.0
1131	211622.0	6204.0
1132	212398.0	6086.0
1133	212170.0	6050.0
1134	212181.0	6158.0
1135	211905.0	6194.0
1136	211793.0	6207.0
1137	211146.0	6107.0
1138	211344.0	6129.0
1139	211065.0	6215.0
1140	211083.0	6293.0
1141	211067.0	6080.0
1142	210873.0	6135.0
1143	211128.0	6133.0
1144	211789.0	6201.0
1145	211220.0	6111.0
1146	211082.0	6208.0
1147	211220.0	5976.0
1148	211210.0	6182.0
1149	210725.0	6144.0
1150	211182.0	6019.0
1151	211180.0	6199.0
1152	210414.0	6181.0
1153	210613.0	6129.0
1154	210234.0	6085.0
1155	211275.0	6095.0
1156	210704.0	6056.0
1157	210259.0	6080.0
1158	209667.0	6037.0
1159	209785.0	6077.0
1160	209068.0	6131.0
1161	210415.0	6120.0
1162	210303.0	6093.0
1163	210066.0	6189.0
1164	210041.0	6195.0
1165	209775.0	5916.0
1166	210068.0	6047.0
1167	210027.0	6052.0
1168	210209.0	6047.0
1169	210040.0	6100.0
1170	210709.0	6104.0
1171	210270.0	6121.0
1172	209157.0	6170.0
1173	208906.0	5995.0
1174	208913.0	6159.0
1175	208509.0	6059.0
1176	209084.0	6045.0
1177	208261.0	6219.0
1178	208617.0	6182.0
1179	208329.0	6031.0
1180	208433.0	6125.0
1181	208399.0	6082.0
1182	208675.0	6046.0
1183	208460.0	6009.0
1184	208834.0	6034.0
1185	208759.0	6072.0
1186	208799.0	6057.0
1187	208636.0	6158.0
1188	208740.0	6145.0
1189	207760.0	6057.0
1190	207763.0	6039.0
1191	207823.0	6107.0
1192	208028.0	6165.0
1193	207183.0	5983.0
1194	207117.0	5941.0
1195	208097.0	6141.0
1196	207721.0	6079.0
1197	207504.0	6117.0
1198	207478.0	6098.0
1199	208235.0	6148.0
1200	207574.0	6128.0
1201	207792.0	6138.0
1202	207602.0	6068.0
1203	207284.0	6029.0
1204	207525.0	6098.0
1205	207213.0	6053.0
1206	206702.0	6104.0
1207	207512.0	6178.0
1208	207339.0	6157.0
1209	207314.0	6059.0
1210	207009.0	6196.0
1211	205887.0	6055.0
1212	207372.0	5980.0
1213	207576.0	6015.0
1214	206399.0	6277.0
1215	205979.0	6138.0
1216	205929.0	6172.0
1217	206456.0	6082.0
1218	206098.0	6095.0
1219	205719.0	6153.0
1220	205787.0	6020.0
1221	205844.0	6018.0
1222	205760.0	6049.0
1223	204779.0	6040.0
1224	205322.0	6053.0
1225	205397.0	5915.0
1226	205808.0	6147.0
1227	205065.0	5960.0
1228	203856.0	6106.0
1229	203944.0	6076.0
1230	204532.0	6025.0
1231	204812.0	6070.0
1232	204191.0	6027.0
1233	204202.0	6079.0
1234	203532.0	6057.0
1235	203896.0	5962.0
1236	203417.0	6003.0
1237	203861.0	5993.0
1238	203882.0	6092.0
1239	203562.0	6065.0
1240	203753.0	6027.0
1241	204038.0	6088.0
1242	203604.0	6056.0
1243	204094.0	6082.0
1244	203203.0	6068.0
1245	203248.0	5939.0
1246	203641.0	6135.0
1247	202997.0	5976.0
1248	203228.0	6154.0
1249	203202.0	6072.0
1250	203255.0	5963.0
1251	202702.0	5959.0
1252	202982.0	5976.0
1253	202981.0	5942.0
1254	202480.0	6005.0
1255	202806.0	5996.0
1256	202202.0	6022.0
1257	202764.0	5908.0
1258	203317.0	6014.0
1259	203245.0	5959.0
1260	203093.0	5988.0
1261	202531.0	6024.0
1262	202024.0	6065.0
1263	202591.0	5981.0
1264	203350.0	5957.0
1265	204162.0	6072.0
1266	202443.0	5996.0
1267	202646.0	5950.0
1268	202063.0	5974.0
1269	201800.0	5951.0
1270	201153.0	5967.0
1271	201908.0	5933.0
1272	201307.0	5966.0
1273	201518.0	5945.0
1274	201210.0	5879.0
1275	200964.0	5944.0
1276	201144.0	5987.0
1277	200685.0	5894.0
1278	200765.0	5927.0
1279	200855.0	5890.0
1280	200280.0	6034.0
1281	201424.0	5980.0
1282	200578.0	5917.0
1283	201347.0	5969.0
1284	202344.0	6002.0
1285	200481.0	6002.0
1286	200907.0	5967.0
1287	199397.0	5954.0
1288	200484.0	5918.0
1289	200491.0	6010.0
1290	200695.0	6017.0
1291	200499.0	6103.0
1292	199476.0	6045.0
1293	199630.0	6031.0
1294	199144.0	5961.0
1295	199814.0	5935.0
1296	199125.0	5972.0
1297	199847.0	5941.0
1298	199724.0	5846.0
1299	199307.0	5978.0
1300	199584.0	5932.0
1301	199467.0	5962.0
1302	198771.0	5969.0
1303	198730.0	5830.0
1304	199044.0	6060.0
1305	198638.0	5818.0
1306	198905.0	6039.0
1307	198801.0	5863.0
1308	198845.0	5915.0
1309	198310.0	6141.0
1310	198498.0	5962.0
1311	199057.0	5921.0
1312	199229.0	5973.0
1313	199215.0	6031.0
1314	198025.0	6010.0
1315	198144.0	6003.0
1316	198236.0	5982.0
1317	198162.0	6028.0
1318	197741.0	6080.0
1319	197555.0	5937.0
1320	197635.0	6037.0
1321	197799.0	6062.0
1322	198130.0	6054.0
1323	198561.0	5945.0
1324	198108.0	5878.0
1325	197730.0	5894.0
1326	197903.0	6082.0
1327	198086.0	5916.0
1328	197668.0	5979.0
1329	198094.0	5841.0
1330	197963.0	5883.0
1331	198296.0	5987.0
1332	197631.0	6125.0
1333	197690.0	5994.0
1334	196901.0	5974.0
1335	197935.0	6015.0
1336	197472.0	5862.0
1337	198026.0	5928.0
1338	197960.0	5813.0
1339	198209.0	6032.0
1340	197238.0	5937.0
1341	197357.0	6002.0
1342	196839.0	6060.0
1343	196514.0	6031.0
1344	196626.0	6015.0
1345	196602.0	5975.0
1346	196840.0	5929.0
1347	196917.0	5949.0
1348	196932.0	6050.0
1349	196815.0	5996.0
1350	195961.0	6116.0
1351	196900.0	5961.0
1352	196541.0	6075.0
1353	196430.0	5883.0
1354	196032.0	5932.0
1355	196357.0	6064.0
1356	197072.0	6130.0
1357	196531.0	6039.0
1358	196349.0	6039.0
1359	195728.0	5958.0
1360	195077.0	5942.0
1361	195449.0	6016.0
1362	195700.0	5969.0
1363	196262.0	6047.0
1364	195981.0	5953.0
1365	195963.0	6018.0
1366	194978.0	5893.0
1367	195780.0	5927.0
1368	196526.0	5936.0
1369	195610.0	6091.0
1370	195434.0	6036.0
1371	196091.0	6003.0
1372	196459.0	5869.0
1373	195983.0	6019.0
1374	195285.0	6040.0
1375	195971.0	6030.0
1376	195631.0	5958.0
1377	195426.0	5951.0
1378	195130.0	5929.0
1379	195398.0	5932.0
1380	194792.0	5880.0
1381	195614.0	6074.0
1382	194888.0	6030.0
1383	194990.0	6029.0
1384	194892.0	6064.0
1385	194829.0	6000.0
1386	195289.0	5927.0
1387	194965.0	5881.0
1388	196356.0	5945.0
1389	194934.0	5910.0
1390	194766.0	5852.0
1391	194541.0	5828.0
1392	194847.0	5956.0
1393	194918.0	5954.0
1394	195518.0	5835.0
1395	194408.0	5991.0
1396	194263.0	5965.0
1397	194040.0	6046.0
1398	194190.0	5905.0
1399	194679.0	5911.0
1400	193640.0	5906.0
1401	194941.0	5941.0
1402	194173.0	5751.0
1403	193471.0	6004.0
1404	193867.0	5844.0
1405	193398.0	5909.0
1406	193706.0	5833.0
1407	193658.0	5963.0
1408	193758.0	5953.0
1409	193194.0	5937.0
1410	193201.0	5973.0
1411	193065.0	5927.0
1412	193109.0	5910.0
1413	193944.0	5792.0
1414	193408.0	5844.0
1415	193545.0	5827.0
1416	192947.0	5876.0
1417	193247.0	5848.0
1418	193628.0	5790.0
1419	193145.0	5953.0
1420	192582.0	5902.0
1421	192538.0	5960.0
1422	193208.0	5897.0
1423	193062.0	5882.0
1424	193034.0	6010.0
1425	191892.0	5755.0
1426	192257.0	5933.0
1427	191977.0	5944.0
1428	192065.0	5939.0
1429	192500.0	6003.0
1430	192676.0	5913.0
1431	193856.0	5938.0
1432	192716.0	6034.0
1433	192021.0	5844.0
1434	192099.0	5964.0
1435	192144.0	5894.0
1436	192906.0	5894.0
1437	192116.0	5949.0
1438	192635.0	5928.0
1439	192625.0	5936.0
1440	192845.0	5913.0
1441	192613.0	5849.0
1442	192260.0	5890.0
1443	192042.0	5756.0
1444	192176.0	5821.0
1445	192397.0	5877.0
1446	192241.0	5871.0
1447	191583.0	5965.0
1448	190914.0	5870.0
1449	191390.0	5843.0
1450	191140.0	5907.0
1451	191064.0	5880.0
1452	190881.0	5860.0
1453	191152.0	5884.0
1454	191978.0	5832.0
1455	192045.0	5865.0
1456	191927.0	5915.0
1457	190499.0	5905.0
1458	190578.0	5884.0
1459	190359.0	5887.0
1460	189745.0	5877.0
1461	190658.0	5913.0
1462	190189.0	5799.0
1463	190077.0	5785.0
1464	190010.0	5850.0
1465	189968.0	5912.0
1466	190105.0	5826.0
1467	189757.0	5867.0
1468	189901.0	5866.0
1469	189810.0	5765.0
1470	189539.0	5836.0
1471	190253.0	5828.0
1472	189121.0	5810.0
1473	190088.0	5839.0
1474	189212.0	5755.0
1475	189099.0	5734.0
1476	189458.0	5776.0
1477	189046.0	5769.0
1478	189993.0	5678.0
1479	189983.0	5758.0
1480	189436.0	5847.0
1481	188994.0	5820.0
1482	188558.0	5878.0
1483	188511.0	5911.0
1484	188476.0	5838.0
1485	188502.0	5821.0
1486	188994.0	5917.0
1487	188365.0	5816.0
1488	188965.0	5847.0
1489	188719.0	5913.0
1490	189149.0	5829.0
1491	190015.0	5816.0
1492	189490.0	5927.0
1493	188939.0	5890.0
1494	189079.0	5853.0
1495	189139.0	5935.0
1496	188932.0	5923.0
1497	188454.0	5902.0
1498	188842.0	5846.0
1499	188100.0	5964.0
1500	188011.0	5830.0
1501	188236.0	5797.0
1502	187935.0	5972.0
1503	187699.0	5790.0
1504	187458.0	5883.0
1505	187708.0	5728.0
1506	188963.0	5769.0
1507	188306.0	5778.0
1508	188163.0	5854.0
1509	187689.0	5927.0
1510	187460.0	5809.0
1511	186973.0	5906.0
1512	186936.0	5906.0
1513	187182.0	5884.0
1514	187364.0	5805.0
1515	187265.0	5746.0
1516	187482.0	5862.0
1517	187089.0	5873.0
1518	187056.0	5904.0
1519	187221.0	5959.0
1520	187076.0	5865.0
1521	186941.0	5928.0
1522	187538.0	5784.0
1523	188209.0	5865.0
1524	187795.0	5787.0
1525	186464.0	5857.0
1526	186510.0	5962.0
1527	186139.0	5780.0
1528	186273.0	5898.0
1529	186740.0	5860.0
1530	186420.0	5843.0
1531	186166.0	5703.0
1532	187193.0	5854.0
1533	186953.0	5936.0
1534	185369.0	5805.0
1535	185788.0	5854.0
1536	185776.0	5866.0
1537	185950.0	5843.0
1538	185745.0	5822.0
1539	185856.0	5829.0
1540	185891.0	5815.0
1541	185441.0	5776.0
1542	185487.0	5904.0
1543	185348.0	5814.0
1544	185226.0	5784.0
1545	185536.0	5718.0
1546	185199.0	5849.0
1547	185232.0	5957.0
1548	184997.0	5821.0
1549	185318.0	5812.0
1550	184972.0	5800.0
1551	184960.0	5702.0
1552	184743.0	5805.0
1553	185418.0	5797.0
1554	184740.0	5810.0
1555	184672.0	5842.0
1556	184574.0	5747.0
1557	184370.0	5693.0
1558	184855.0	5668.0
1559	184891.0	5721.0
1560	184284.0	5794.0
1561	184358.0	5750.0
1562	184290.0	5726.0
1563	184759.0	5756.0
1564	184014.0	5747.0
1565	184981.0	5896.0
1566	184516.0	5825.0
1567	184293.0	5860.0
1568	183899.0	5886.0
1569	183366.0	5667.0
1570	183710.0	5845.0
1571	183277.0	5716.0
1572	183563.0	5729.0
1573	183932.0	5760.0
1574	183218.0	5799.0
1575	182734.0	5881.0
1576	183815.0	5780.0
1577	184689.0	5873.0
1578	184343.0	5774.0
1579	184000.0	5864.0
1580	183970.0	5749.0
1581	183477.0	5688.0
1582	183417.0	5727.0
1583	183043.0	5828.0
1584	184100.0	5752.0
1585	183460.0	5768.0
1586	183147.0	5840.0
1587	182988.0	5798.0
1588	182615.0	5717.0
1589	183054.0	5741.0
1590	183298.0	5730.0
1591	183217.0	5716.0
1592	182973.0	5778.0
1593	182628.0	5786.0
1594	182384.0	5845.0
1595	182707.0	5845.0
1596	183716.0	5839.0
1597	183307.0	5732.0
1598	182801.0	5782.0
1599	182463.0	5781.0
1600	182568.0	5814.0
1601	182500.0	5849.0
1602	183055.0	5696.0
1603	182998.0	5844.0
1604	183367.0	5677.0
1605	182942.0	5739.0
1606	183059.0	5805.0
1607	182792.0	5744.0
1608	182707.0	5768.0
1609	182491.0	5739.0
1610	182327.0	5766.0
1611	182561.0	5831.0
1612	182894.0	5749.0
1613	182343.0	5699.0
1614	183320.0	5750.0
1615	183008.0	5842.0
1616	182324.0	5924.0
1617	182145.0	5755.0
1618	182221.0	5762.0
1619	182509.0	5912.0
1620	182759.0	5727.0
1621	182442.0	5652.0
1622	182737.0	5856.0
1623	182412.0	5668.0
1624	181875.0	5735.0
1625	181712.0	5824.0
1626	182053.0	5844.0
1627	182494.0	5878.0
1628	181950.0	5706.0
1629	181842.0	5745.0
1630	182504.0	5736.0
1631	181756.0	5587.0
1632	181900.0	5737.0
1633	181375.0	5797.0
1634	181942.0	5838.0
1635	182149.0	5682.0
1636	183307.0	5619.0
1637	182684.0	5758.0
1638	182074.0	5730.0
1639	181251.0	5640.0
1640	181737.0	5763.0
1641	182132.0	5761.0
1642	181605.0	5768.0
1643	182171.0	5745.0
1644	182184.0	5763.0
1645	181431.0	5790.0
1646	181570.0	5715.0
1647	181448.0	5766.0
1648	181268.0	5705.0
1649	181929.0	5743.0
1650	181957.0	5846.0
1651	180924.0	5744.0
1652	181131.0	5766.0
1653	181015.0	5820.0
1654	181284.0	5748.0
1655	181621.0	5814.0
1656	181353.0	5748.0
1657	180755.0	5673.0
1658	181067.0	5694.0
1659	181229.0	5805.0
1660	181262.0	5790.0
1661	180981.0	5805.0
1662	181392.0	5637.0
1663	181180.0	5752.0
1664	180635.0	5856.0
1665	180943.0	5718.0
1666	180952.0	5698.0
1667	181171.0	5670.0
1668	180857.0	5758.0
1669	180885.0	5813.0
1670	180350.0	5739.0
1671	180852.0	5760.0
1672	180452.0	5624.0
1673	180600.0	5617.0
1674	180187.0	5608.0
1675	180876.0	5712.0
1676	180821.0	5685.0
1677	181423.0	5682.0
1678	180868.0	5685.0
1679	180136.0	5674.0
1680	180622.0	5685.0
1681	181040.0	5680.0
1682	179885.0	5801.0
1683	180233.0	5710.0
1684	179234.0	5695.0
1685	179356.0	5722.0
1686	179284.0	5689.0
1687	179778.0	5609.0
1688	179423.0	5659.0
1689	179637.0	5731.0
1690	179536.0	5783.0
1691	179346.0	5746.0
1692	179648.0	5617.0
1693	179194.0	5677.0
1694	179975.0	5582.0
1695	180042.0	5634.0
1696	179780.0	5575.0
1697	179380.0	5711.0
1698	179002.0	5768.0
1699	178866.0	5705.0
1700	178839.0	5551.0
1701	179374.0	5708.0
1702	179147.0	5576.0
1703	178098.0	5641.0
1704	178661.0	5667.0
1705	178825.0	5711.0
1706	178507.0	5671.0
1707	179134.0	5641.0
1708	178613.0	5676.0
1709	179351.0	5680.0
1710	179275.0	5671.0
1711	178520.0	5625.0
1712	178293.0	5669.0
1713	178062.0	5684.0
1714	177762.0	5772.0
1715	178123.0	5632.0
1716	177976.0	5599.0
1717	177683.0	5725.0
1718	178285.0	5712.0
1719	178191.0	5665.0
1720	177643.0	5746.0
1721	177722.0	5686.0
1722	177656.0	5731.0
1723	177271.0	5688.0
1724	177733.0	5683.0
1725	177710.0	5658.0
1726	177890.0	5716.0
1727	177266.0	5767.0
1728	177471.0	5674.0
1729	177943.0	5705.0
1730	177144.0	5666.0
1731	177145.0	5689.0
1732	177107.0	5813.0
1733	177213.0	5645.0
1734	177378.0	5673.0
1735	176903.0	5743.0
1736	176317.0	5702.0
1737	176953.0	5613.0
1738	175806.0	5792.0
1739	176657.0	5748.0
1740	176488.0	5607.0
1741	176743.0	5688.0
1742	176354.0	5793.0
1743	177234.0	5678.0
1744	178244.0	5683.0
1745	177586.0	5727.0
1746	176583.0	5676.0
1747	176863.0	5739.0
1748	177037.0	5673.0
1749	176702.0	5561.0
1750	176366.0	5649.0
1751	176630.0	5754.0
1752	176554.0	5727.0
1753	176600.0	5619.0
1754	175730.0	5636.0
1755	176873.0	5657.0
1756	176928.0	5732.0
1757	176370.0	5642.0
1758	176667.0	5709.0
1759	176138.0	5784.0
1760	176196.0	5654.0
1761	175914.0	5732.0
1762	176728.0	5636.0
1763	176640.0	5691.0
1764	176296.0	5660.0
1765	175635.0	5747.0
1766	175553.0	5825.0
1767	175863.0	5657.0
1768	175522.0	5621.0
1769	175622.0	5693.0
1770	175884.0	5773.0
1771	175736.0	5722.0
1772	175689.0	5653.0
1773	176484.0	5639.0
1774	175434.0	5725.0
1775	175658.0	5574.0
1776	175816.0	5555.0
1777	175983.0	5743.0
1778	176197.0	5645.0
1779	175634.0	5507.0
1780	175901.0	5590.0
1781	175778.0	5642.0
1782	175888.0	5526.0
1783	175190.0	5563.0
1784	175538.0	5584.0
1785	176104.0	5622.0
1786	175884.0	5667.0
1787	175932.0	5579.0
1788	175590.0	5714.0
1789	175193.0	5794.0
1790	175194.0	5582.0
1791	174627.0	5566.0
1792	175221.0	5694.0
1793	175353.0	5598.0
1794	175043.0	5657.0
1795	175291.0	5599.0
1796	175021.0	5662.0
1797	174906.0	5612.0
1798	175969.0	5654.0
1799	175091.0	5657.0
1800	175905.0	5621.0
1801	175609.0	5656.0
1802	175201.0	5769.0
1803	175380.0	5659.0
1804	175131.0	5676.0
1805	175410.0	5589.0
1806	175699.0	5656.0
1807	176433.0	5742.0
1808	177682.0	5626.0
1809	176574.0	5606.0
1810	176110.0	5671.0
1811	175210.0	5760.0
1812	175380.0	5825.0
1813	175869.0	5515.0
1814	176453.0	5595.0
1815	176551.0	5563.0
1816	176207.0	5593.0
1817	175757.0	5620.0
1818	175589.0	5716.0
1819	175197.0	5687.0
1820	174756.0	5721.0
1821	175330.0	5813.0
1822	175465.0	5624.0
1823	175459.0	5763.0
1824	175685.0	5726.0
1825	176433.0	5612.0
1826	176443.0	5518.0
1827	175942.0	5761.0
1828	176110.0	5686.0
1829	176636.0	5718.0
1830	176454.0	5696.0
1831	176101.0	5592.0
1832	176142.0	5612.0
1833	175382.0	5642.0
1834	175201.0	5773.0
1835	175365.0	5510.0
1836	175434.0	5693.0
1837	175163.0	5541.0
1838	175802.0	5609.0
1839	175454.0	5526.0
1840	175511.0	5672.0
1841	175584.0	5602.0
1842	174908.0	5620.0
1843	175018.0	5596.0
1844	175434.0	5491.0
1845	174932.0	5558.0
1846	174769.0	5653.0
1847	175017.0	5517.0
1848	175346.0	5629.0
1849	175578.0	5618.0
1850	175446.0	5577.0
1851	175225.0	5623.0
1852	174657.0	5703.0
1853	174351.0	5513.0
1854	174993.0	5646.0
1855	175365.0	5724.0
1856	175998.0	5681.0
1857	175918.0	5545.0
1858	174648.0	5644.0
1859	175150.0	5628.0
1860	174661.0	5619.0
1861	174887.0	5615.0
1862	174825.0	5539.0
1863	174611.0	5557.0
1864	174871.0	5720.0
1865	174785.0	5572.0
1866	174644.0	5571.0
1867	174036.0	5654.0
1868	174672.0	5689.0
1869	174494.0	5703.0
1870	175302.0	5654.0
1871	174307.0	5638.0
1872	174863.0	5683.0
1873	174089.0	5802.0
1874	173603.0	5595.0
1875	174071.0	5651.0
1876	174314.0	5578.0
1877	174023.0	5575.0
1878	173465.0	5538.0
1879	173972.0	5638.0
1880	173987.0	5633.0
1881	174247.0	5585.0
1882	174594.0	5667.0
1883	173707.0	5671.0
1884	173879.0	5749.0
1885	174485.0	5604.0
1886	174652.0	5560.0
1887	174127.0	5570.0
1888	173744.0	5658.0
1889	174220.0	5579.0
1890	173906.0	5567.0
1891	174701.0	5712.0
1892	175292.0	5726.0
1893	174635.0	5630.0
1894	174315.0	5662.0
1895	174014.0	5575.0
1896	173837.0	5612.0
1897	173217.0	5623.0
1898	173781.0	5533.0
1899	173285.0	5748.0
1900	172911.0	5601.0
1901	172676.0	5593.0
1902	172777.0	5583.0
1903	173467.0	5609.0
1904	172527.0	5750.0
1905	172464.0	5547.0
1906	172834.0	5623.0
1907	172925.0	5539.0
1908	172774.0	5612.0
1909	173439.0	5632.0
1910	173637.0	5746.0
1911	172411.0	5614.0
1912	172291.0	5776.0
1913	172514.0	5741.0
1914	172277.0	5543.0
1915	172307.0	5685.0
1916	172691.0	5544.0
1917	172133.0	5614.0
1918	171828.0	5532.0
1919	173063.0	5595.0
1920	172381.0	5614.0
1921	173686.0	5548.0
1922	172267.0	5583.0
1923	172493.0	5624.0
1924	172622.0	5615.0
1925	172974.0	5653.0
1926	172705.0	5617.0
1927	172622.0	5678.0
1928	172160.0	5556.0
1929	172324.0	5490.0
1930	172027.0	5659.0
1931	171884.0	5640.0
1932	172145.0	5654.0
1933	171675.0	5710.0
1934	172118.0	5572.0
1935	172154.0	5567.0
1936	171317.0	5642.0
1937	171577.0	5695.0
1938	171679.0	5553.0
1939	172121.0	5741.0
1940	172026.0	5662.0
1941	171237.0	5658.0
1942	171594.0	5713.0
1943	171071.0	5640.0
1944	170962.0	5749.0
1945	171383.0	5674.0
1946	171049.0	5651.0
1947	171288.0	5647.0
1948	171058.0	5600.0
1949	171529.0	5624.0
1950	171162.0	5571.0
1951	171265.0	5576.0
1952	171332.0	5541.0
1953	171013.0	5665.0
1954	171147.0	5596.0
1955	171581.0	5612.0
1956	170959.0	5623.0
1957	171043.0	5632.0
1958	170953.0	5684.0
1959	171019.0	5655.0
1960	170433.0	5658.0
1961	170981.0	5601.0
1962	170857.0	5740.0
1963	170974.0	5758.0
1964	170667.0	5792.0
1965	171373.0	5647.0
1966	170433.0	5701.0
1967	170589.0	5703.0
1968	170658.0	5694.0
1969	170130.0	5604.0
1970	170654.0	5680.0
1971	170289.0	5534.0
1972	169594.0	5613.0
1973	169690.0	5658.0
1974	169861.0	5716.0
1975	169624.0	5516.0
1976	170552.0	5627.0
1977	169491.0	5611.0
1978	169793.0	5697.0
1979	169433.0	5567.0
1980	169077.0	5636.0
1981	170138.0	5657.0
1982	169948.0	5637.0
1983	169747.0	5725.0
1984	169812.0	5730.0
1985	169304.0	5716.0
1986	169335.0	5736.0
1987	169235.0	5594.0
1988	169607.0	5639.0
1989	169235.0	5820.0
1990	169549.0	5638.0
1991	169209.0	5630.0
1992	169640.0	5623.0
1993	168689.0	5736.0
1994	169055.0	5782.0
1995	169042.0	5720.0
1996	169218.0	5787.0
1997	168691.0	5605.0
1998	168754.0	5749.0
1999	168484.0	5614.0
